1826005506: 37.8125684 -107.6687888 0.0 
330764640: 37.8156472 -107.6578912 1496.7050000000002 1826005506 330764554 330764566 330764562 330764574 330764575 330764587 330764594 330764609 330764618 330764623 330764636 330764637 330764639
331107624: 37.8037969 -107.6743977 1550.985 1826005506 330764554 330764556 330764557 330764542 330764543 330764526 330764521 330098685 330098683 330098681 330098680 330098653 330098641
330764554: 37.8114601 -107.6685208 175.243 1826005506
331058144: 37.8181867 -107.6574714 1709.8089999999997 1826005506 330764554 330764566 330764562 330764574 330764575 330764587 330764594 330764609 330764618 330764623 330764638 331058125
330098706: 37.8046661 -107.6682955 1223.598 1826005506 330764554 330764556 330764557 330764542 330764543 330764526 330764521 330098685 330098683 330098681
330764588: 37.8119708 -107.6627674 886.48 1826005506 330764554 330764566 330764562 330764574 330764575 330764587
330764622: 37.8131405 -107.6580789 1482.6100000000001 1826005506 330764554 330764566 330764562 330764574 330764575 330764587 330764588 330764602 330764599 330764614 330764613 330764621
330764546: 37.8080865 -107.6649695 761.29 1826005506 330764554 330764556 330764557 330764549 330764550 330764547
330764562: 37.8113224 -107.666021 471.586 1826005506 330764554 330764566
330764632: 37.8140283 -107.6572931 1600.0460000000003 1826005506 330764554 330764566 330764562 330764574 330764575 330764587 330764588 330764602 330764599 330764614 330764613 330764621 330764631
330764570: 37.8097882 -107.6634165 756.992 1826005506 330764554 330764566 330764562 330764561 330764571
330764618: 37.8150602 -107.6612439 1148.312 1826005506 330764554 330764566 330764562 330764574 330764575 330764587 330764594 330764609
330098732: 37.8062937 -107.6707095 940.455 1826005506 330764554 330764556 330764557 330764542 330764525 330764520 330098741
330764602: 37.8128099 -107.6619172 1005.995 1826005506 330764554 330764566 330764562 330764574 330764575 330764587 330764588
330764566: 37.8118076 -107.6668819 378.686 1826005506 330764554
330764550: 37.809447 -107.6650527 553.3779999999999 1826005506 330764554 330764556 330764557 330764549
330764574: 37.8121361 -107.6652485 584.687 1826005506 330764554 330764566 330764562
330764572: 37.812651 -107.6661068 494.58 1826005506 330764554 330764566
330764530: 37.807756 -107.666603 785.583 1826005506 330764554 330764556 330764557 330764549 330764550 330764547
330764638: 37.8166855 -107.6597526 1371.56 1826005506 330764554 330764566 330764562 330764574 330764575 330764587 330764594 330764609 330764618 330764623
330764552: 37.8084351 -107.663328 742.115 1826005506 330764554 330764556 330764557 330764549 330764550 330764551
330764584: 37.8137179 -107.6657607 653.788 1826005506 330764554 330764566 330764572 330764585
330764524: 37.8069358 -107.667405 896.796 1826005506 330764554 330764556 330764557 330764542 330764543 330764526 330764521
330764576: 37.8111359 -107.6635211 772.836 1826005506 330764554 330764566 330764562 330764574 330764575
3042563270: 37.8101077 -107.6617323 967.1729999999999 1826005506 330764554 330764566 330764562 330764574 330764575 330764576 330764581 330764577
330764606: 37.8151535 -107.6638215 837.704 1826005506 330764554 330764566 330764572 330764585 330764592
330764592: 37.8143313 -107.6645672 725.235 1826005506 330764554 330764566 330764572 330764585
330764594: 37.8133163 -107.6628318 909.432 1826005506 330764554 330764566 330764562 330764574 330764575 330764587
331058146: 37.8181665 -107.6566922 1778.2909999999997 1826005506 330764554 330764566 330764562 330764574 330764575 330764587 330764594 330764609 330764618 330764623 330764638 331058125 331058144
1826005504: 37.8111838 -107.6687122 210.72899999999998 1826005506 330764554
330098752: 37.8067716 -107.6714618 1017.8950000000001 1826005506 330764554 330764556 330764557 330764542 330764525 330764520 330098741
330764604: 37.8155688 -107.6643634 904.785 1826005506 330764554 330764566 330764572 330764585 330764592 330764606
330764644: 37.8160286 -107.656314 1660.426 1826005506 330764554 330764566 330764562 330764574 330764575 330764587 330764594 330764609 330764618 330764623 330764636 330764637 330764639 330764643
330764608: 37.8146809 -107.6629016 934.8230000000001 1826005506 330764554 330764566 330764562 330764574 330764586 330764593
330764620: 37.8139881 -107.6594951 1328.471 1826005506 330764554 330764566 330764562 330764574 330764575 330764587 330764588 330764602 330764599 330764614
330764636: 37.8155794 -107.6604956 1244.807 1826005506 330764554 330764566 330764562 330764574 330764575 330764587 330764594 330764609 330764618 330764623
330764586: 37.8129837 -107.6644867 700.278 1826005506 330764554 330764566 330764562 330764574
330764612: 37.8122441 -107.6587736 1377.372 1826005506 330764554 330764566 330764562 330764574 330764575 330764587 330764588 330764602 330764599 330764614 330764613
330764556: 37.810977 -107.6676383 269.561 1826005506 330764554
330098680: 37.8055774 -107.6699879 1059.686 1826005506 330764554 330764556 330764557 330764542 330764543 330764526 330764521 330098685 330098683 330098681
330764598: 37.8117991 -107.6601952 1194.467 1826005506 330764554 330764566 330764562 330764574 330764575 330764587 330764588 330764602 330764599
1356606892: 37.8055113 -107.6712321 1183.966 1826005506 330764554 330764556 330764557 330764542 330764543 330764526 330764521 330098685 330098683 330098694 330098669
330098694: 37.8056156 -107.6703259 1080.779 1826005506 330764554 330764556 330764557 330764542 330764543 330764526 330764521 330098685 330098683
2084019368: 37.8114968 -107.6570223 1503.3980000000001 1826005506 330764554 330764566 330764562 330764574 330764575 330764587 330764588 330764602 330764599 330764598
330764526: 37.8082709 -107.6675015 688.9780000000001 1826005506 330764554 330764556 330764557 330764542 330764543
330764542: 37.8096228 -107.6675632 478.465 1826005506 330764554 330764556 330764557
330764520: 37.8079382 -107.6691538 712.162 1826005506 330764554 330764556 330764557 330764542 330764525
330764614: 37.8131426 -107.6602623 1212.795 1826005506 330764554 330764566 330764562 330764574 330764575 330764587 330764588 330764602 330764599
330764634: 37.8153336 -107.6596936 1331.5339999999999 1826005506 330764554 330764566 330764562 330764574 330764575 330764587 330764594 330764609 330764618 330764623 330764636 330764635
330764626: 37.8187672 -107.6622713 1298.3579999999997 1826005506 330764554 330764566 330764572 330764585 330764592 330764606 330764607 330764615
330098653: 37.8044754 -107.6709965 1210.905 1826005506 330764554 330764556 330764557 330764542 330764543 330764526 330764521 330098685 330098683 330098681 330098680
330764587: 37.8124751 -107.6636123 793.457 1826005506 330764554 330764566 330764562 330764574 330764575
3042563877: 37.8088158 -107.6617505 938.973 1826005506 330764554 330764566 330764562 330764561 330764571 330764570 330764569
330764639: 37.8159925 -107.6585 1430.871 1826005506 330764554 330764566 330764562 330764574 330764575 330764587 330764594 330764609 330764618 330764623 330764636 330764637
330764619: 37.8145559 -107.6603964 1241.5149999999999 1826005506 330764554 330764566 330764562 330764574 330764575 330764587 330764594 330764609 330764618
330764547: 37.8085993 -107.6658037 668.434 1826005506 330764554 330764556 330764557 330764549 330764550
330764573: 37.812812 -107.6663857 524.924 1826005506 330764554 330764566 330764572
330764569: 37.8092732 -107.6625555 851.8629999999999 1826005506 330764554 330764566 330764562 330764561 330764571 330764570
330764643: 37.8165647 -107.6571214 1567.778 1826005506 330764554 330764566 330764562 330764574 330764575 330764587 330764594 330764609 330764618 330764623 330764636 330764637 330764639
330098681: 37.8057088 -107.6698619 1041.355 1826005506 330764554 330764556 330764557 330764542 330764543 330764526 330764521 330098685 330098683
330098741: 37.8070608 -107.6699879 834.1790000000001 1826005506 330764554 330764556 330764557 330764542 330764525 330764520
330764543: 37.8091249 -107.666713 571.437 1826005506 330764554 330764556 330764557 330764542
2042183279: 37.8058594 -107.6657771 1085.625 1826005506 330764554 330764556 330764557 330764542 330764543 330764526 330764521 330764524
331058125: 37.8180967 -107.6583566 1631.3999999999999 1826005506 330764554 330764566 330764562 330764574 330764575 330764587 330764594 330764609 330764618 330764623 330764638
330098685: 37.8065591 -107.6690796 924.4660000000001 1826005506 330764554 330764556 330764557 330764542 330764543 330764526 330764521
330764551: 37.808932 -107.6641836 648.818 1826005506 330764554 330764556 330764557 330764549 330764550
330764599: 37.8123267 -107.6610804 1097.055 1826005506 330764554 330764566 330764562 330764574 330764575 330764587 330764588 330764602
330764521: 37.8074359 -107.6682606 803.2940000000001 1826005506 330764554 330764556 330764557 330764542 330764543 330764526
330764609: 37.814166 -107.6620647 1025.483 1826005506 330764554 330764566 330764562 330764574 330764575 330764587 330764594
330764641: 37.8151704 -107.6571294 1582.0810000000001 1826005506 330764554 330764566 330764562 330764574 330764575 330764587 330764594 330764609 330764618 330764623 330764636 330764637 330764639 330764640
330764557: 37.8104726 -107.6667961 362.40299999999996 1826005506 330764554 330764556
330764621: 37.8134541 -107.6586234 1423.4170000000001 1826005506 330764554 330764566 330764562 330764574 330764575 330764587 330764588 330764602 330764599 330764614 330764613
330764519: 37.8084171 -107.6699987 803.5150000000001 1826005506 330764554 330764556 330764557 330764542 330764525 330764520
330764607: 37.8151958 -107.6637813 843.5859999999999 1826005506 330764554 330764566 330764572 330764585 330764592 330764606
330764633: 37.8148398 -107.6587307 1432.377 1826005506 330764554 330764566 330764562 330764574 330764575 330764587 330764594 330764609 330764618 330764623 330764636 330764635 330764634
330098683: 37.8058212 -107.6697573 1025.842 1826005506 330764554 330764556 330764557 330764542 330764543 330764526 330764521 330098685
330764623: 37.8156111 -107.6607156 1225.163 1826005506 330764554 330764566 330764562 330764574 330764575 330764587 330764594 330764609 330764618
330098703: 37.8031064 -107.6695588 1432.193 1826005506 330764554 330764556 330764557 330764542 330764543 330764526 330764521 330098685 330098683 330098681 330098706
330764591: 37.8146344 -107.6650835 781.774 1826005506 330764554 330764566 330764572 330764585 330764592
330764603: 37.8110377 -107.6608244 1295.577 1826005506 330764554 330764566 330764562 330764574 330764575 330764587 330764588 330764602 330764599 330764598
2042183459: 37.8059188 -107.6700764 1010.01 1826005506 330764554 330764556 330764557 330764542 330764525 330764520 330098741 330098732
330764631: 37.8143249 -107.6578188 1543.2980000000002 1826005506 330764554 330764566 330764562 330764574 330764575 330764587 330764588 330764602 330764599 330764614 330764613 330764621
330764585: 37.813488 -107.665345 609.212 1826005506 330764554 330764566 330764572
330764549: 37.8099492 -107.6659351 457.84 1826005506 330764554 330764556 330764557
330098641: 37.8040903 -107.6714193 1267.648 1826005506 330764554 330764556 330764557 330764542 330764543 330764526 330764521 330098685 330098683 330098681 330098680 330098653
330764575: 37.8116381 -107.6644036 677.293 1826005506 330764554 330764566 330764562 330764574
330764525: 37.8087682 -107.6683713 597.082 1826005506 330764554 330764556 330764557 330764542
330764637: 37.8156027 -107.6594844 1334.144 1826005506 330764554 330764566 330764562 330764574 330764575 330764587 330764594 330764609 330764618 330764623 330764636
330764615: 37.8161048 -107.6629069 970.5349999999999 1826005506 330764554 330764566 330764572 330764585 330764592 330764606 330764607
330764635: 37.8152361 -107.6597821 1318.193 1826005506 330764554 330764566 330764562 330764574 330764575 330764587 330764594 330764609 330764618 330764623 330764636
330764561: 37.8108096 -107.6651412 567.6320000000001 1826005506 330764554 330764566 330764562
330764593: 37.8138228 -107.6637223 815.2330000000001 1826005506 330764554 330764566 330764562 330764574 330764586
330764613: 37.8126213 -107.6593879 1309.025 1826005506 330764554 330764566 330764562 330764574 330764575 330764587 330764588 330764602 330764599 330764614
330764571: 37.8102946 -107.6642856 662.124 1826005506 330764554 330764566 330764562 330764561
330764581: 37.8106342 -107.6626378 868.405 1826005506 330764554 330764566 330764562 330764574 330764575 330764576
330098669: 37.8056042 -107.6713351 1170.233 1826005506 330764554 330764556 330764557 330764542 330764543 330764526 330764521 330098685 330098683 330098694
1826005507: 37.8043293 -107.6677159 1286.808 1826005506 330764554 330764556 330764557 330764542 330764543 330764526 330764521 330098685 330098683 330098681 330098706
330764577: 37.8101346 -107.6617791 962.0889999999999 1826005506 330764554 330764566 330764562 330764574 330764575 330764576 330764581
