1826005506: 37.8125684 -107.6687888 1267.648 330098641 330098653 330098680 330098681 330098683 330098685 330764521 330764526 330764543 330764542 330764557 330764556 330764554
330764640: 37.8156472 -107.6578912 1860.979 330098641 330098653 330098680 330098681 330098683 330098685 330764521 330764526 330764543 330764549 330764561 330764575 330764587 330764594 330764609 330764618 330764623 330764636 330764637 330764639
331107624: 37.8037969 -107.6743977 283.337 330098641
330764554: 37.8114601 -107.6685208 1092.405 330098641 330098653 330098680 330098681 330098683 330098685 330764521 330764526 330764543 330764542 330764557 330764556
331058144: 37.8181867 -107.6574714 2074.0829999999996 330098641 330098653 330098680 330098681 330098683 330098685 330764521 330764526 330764543 330764549 330764561 330764575 330764587 330764594 330764609 330764618 330764623 330764638 331058125
330098706: 37.8046661 -107.6682955 408.53599999999994 330098641 330098653 330098680 330098681
330764588: 37.8119708 -107.6627674 1250.361 330098641 330098653 330098680 330098681 330098683 330098685 330764521 330764524 330764530 330764547 330764550 330764571 330764576
330764622: 37.8131405 -107.6580789 1846.4910000000002 330098641 330098653 330098680 330098681 330098683 330098685 330764521 330764524 330764530 330764547 330764550 330764571 330764576 330764588 330764602 330764599 330764614 330764613 330764621
330764546: 37.8080865 -107.6649695 866.1220000000001 330098641 330098653 330098680 330098681 330098683 330098685 330764521 330764524 330764530
330764562: 37.8113224 -107.666021 1021.716 330098641 330098653 330098680 330098681 330098683 330098685 330764521 330764526 330764543 330764542 330764557
330764632: 37.8140283 -107.6572931 1963.9270000000004 330098641 330098653 330098680 330098681 330098683 330098685 330764521 330764524 330764530 330764547 330764550 330764571 330764576 330764588 330764602 330764599 330764614 330764613 330764621 330764631
330764570: 37.8097882 -107.6634165 1099.4080000000001 330098641 330098653 330098680 330098681 330098683 330098685 330764521 330764524 330764530 330764546 330764551
330764618: 37.8150602 -107.6612439 1512.5859999999998 330098641 330098653 330098680 330098681 330098683 330098685 330764521 330764526 330764543 330764549 330764561 330764575 330764587 330764594 330764609
330098732: 37.8062937 -107.6707095 546.845 330098641 330098653 330098680 330098681 330098683 330098685 330098741
330764602: 37.8128099 -107.6619172 1369.8760000000002 330098641 330098653 330098680 330098681 330098683 330098685 330764521 330764524 330764530 330764547 330764550 330764571 330764576 330764588
330764566: 37.8118076 -107.6668819 1111.865 330098641 330098653 330098680 330098681 330098683 330098685 330764521 330764526 330764543 330764542 330764557 330764556
330764550: 37.809447 -107.6650527 905.3090000000001 330098641 330098653 330098680 330098681 330098683 330098685 330764521 330764524 330764530 330764547
330764574: 37.8121361 -107.6652485 1134.173 330098641 330098653 330098680 330098681 330098683 330098685 330764521 330764526 330764543 330764549 330764561 330764575
330764572: 37.812651 -107.6661068 1227.759 330098641 330098653 330098680 330098681 330098683 330098685 330764521 330764526 330764543 330764542 330764557 330764556 330764566
330764530: 37.807756 -107.666603 673.104 330098641 330098653 330098680 330098681 330098683 330098685 330764521 330764524
330764638: 37.8166855 -107.6597526 1735.8339999999998 330098641 330098653 330098680 330098681 330098683 330098685 330764521 330764526 330764543 330764549 330764561 330764575 330764587 330764594 330764609 330764618 330764623
330764552: 37.8084351 -107.663328 1064.987 330098641 330098653 330098680 330098681 330098683 330098685 330764521 330764524 330764530 330764546
330764584: 37.8137179 -107.6657607 1386.967 330098641 330098653 330098680 330098681 330098683 330098685 330764521 330764526 330764543 330764542 330764557 330764556 330764566 330764572 330764585
330764524: 37.8069358 -107.667405 557.856 330098641 330098653 330098680 330098681 330098683 330098685 330764521
330764576: 37.8111359 -107.6635211 1136.332 330098641 330098653 330098680 330098681 330098683 330098685 330764521 330764524 330764530 330764547 330764550 330764571
3042563270: 37.8101077 -107.6617323 1303.3640000000003 330098641 330098653 330098680 330098681 330098683 330098685 330764521 330764524 330764530 330764546 330764552 330764569 330764577
330764606: 37.8151535 -107.6638215 1570.492 330098641 330098653 330098680 330098681 330098683 330098685 330764521 330764526 330764543 330764549 330764561 330764575 330764574 330764586 330764593 330764592
330764592: 37.8143313 -107.6645672 1458.023 330098641 330098653 330098680 330098681 330098683 330098685 330764521 330764526 330764543 330764549 330764561 330764575 330764574 330764586 330764593
330764594: 37.8133163 -107.6628318 1273.706 330098641 330098653 330098680 330098681 330098683 330098685 330764521 330764526 330764543 330764549 330764561 330764575 330764587
331058146: 37.8181665 -107.6566922 2142.5649999999996 330098641 330098653 330098680 330098681 330098683 330098685 330764521 330764526 330764543 330764549 330764561 330764575 330764587 330764594 330764609 330764618 330764623 330764638 331058125 331058144
1826005504: 37.8111838 -107.6687122 1127.891 330098641 330098653 330098680 330098681 330098683 330098685 330764521 330764526 330764543 330764542 330764557 330764556 330764554
330098752: 37.8067716 -107.6714618 624.2850000000001 330098641 330098653 330098680 330098681 330098683 330098685 330098741
330764604: 37.8155688 -107.6643634 1637.5729999999999 330098641 330098653 330098680 330098681 330098683 330098685 330764521 330764526 330764543 330764549 330764561 330764575 330764574 330764586 330764593 330764592 330764606
330764644: 37.8160286 -107.656314 2024.6999999999998 330098641 330098653 330098680 330098681 330098683 330098685 330764521 330764526 330764543 330764549 330764561 330764575 330764587 330764594 330764609 330764618 330764623 330764636 330764637 330764639 330764643
330764608: 37.8146809 -107.6629016 1482.9379999999999 330098641 330098653 330098680 330098681 330098683 330098685 330764521 330764526 330764543 330764549 330764561 330764575 330764587 330764594 330764609
330764620: 37.8139881 -107.6594951 1692.352 330098641 330098653 330098680 330098681 330098683 330098685 330764521 330764524 330764530 330764547 330764550 330764571 330764576 330764588 330764602 330764599 330764614
330764636: 37.8155794 -107.6604956 1609.081 330098641 330098653 330098680 330098681 330098683 330098685 330764521 330764526 330764543 330764549 330764561 330764575 330764587 330764594 330764609 330764618 330764623
330764586: 37.8129837 -107.6644867 1249.764 330098641 330098653 330098680 330098681 330098683 330098685 330764521 330764526 330764543 330764549 330764561 330764575 330764574
330764612: 37.8122441 -107.6587736 1741.2530000000002 330098641 330098653 330098680 330098681 330098683 330098685 330764521 330764524 330764530 330764547 330764550 330764571 330764576 330764588 330764602 330764599 330764614 330764613
330764556: 37.810977 -107.6676383 998.087 330098641 330098653 330098680 330098681 330098683 330098685 330764521 330764526 330764543 330764542 330764557
330098680: 37.8055774 -107.6699879 207.962 330098641 330098653
330764598: 37.8117991 -107.6601952 1558.3480000000002 330098641 330098653 330098680 330098681 330098683 330098685 330764521 330764524 330764530 330764547 330764550 330764571 330764576 330764588 330764602 330764599
1356606892: 37.8055113 -107.6712321 179.92399999999998 330098641 330098653
330098694: 37.8056156 -107.6703259 238.42399999999998 330098641 330098653 330098680
2084019368: 37.8114968 -107.6570223 1867.2790000000002 330098641 330098653 330098680 330098681 330098683 330098685 330764521 330764524 330764530 330764547 330764550 330764571 330764576 330764588 330764602 330764599 330764598
330764526: 37.8082709 -107.6675015 578.6700000000001 330098641 330098653 330098680 330098681 330098683 330098685 330764521
330764542: 37.8096228 -107.6675632 789.183 330098641 330098653 330098680 330098681 330098683 330098685 330764521 330764526 330764543
330764520: 37.8079382 -107.6691538 560.671 330098641 330098653 330098680 330098681 330098683 330098685 330764521
330764614: 37.8131426 -107.6602623 1576.6760000000002 330098641 330098653 330098680 330098681 330098683 330098685 330764521 330764524 330764530 330764547 330764550 330764571 330764576 330764588 330764602 330764599
330764634: 37.8153336 -107.6596936 1695.8079999999998 330098641 330098653 330098680 330098681 330098683 330098685 330764521 330764526 330764543 330764549 330764561 330764575 330764587 330764594 330764609 330764618 330764623 330764636 330764635
330764626: 37.8187672 -107.6622713 2020.2369999999996 330098641 330098653 330098680 330098681 330098683 330098685 330764521 330764526 330764543 330764549 330764561 330764575 330764587 330764594 330764609 330764608 330764615
330098653: 37.8044754 -107.6709965 56.742999999999995 330098641
330764587: 37.8124751 -107.6636123 1157.731 330098641 330098653 330098680 330098681 330098683 330098685 330764521 330764526 330764543 330764549 330764561 330764575
3042563877: 37.8088158 -107.6617505 1267.41 330098641 330098653 330098680 330098681 330098683 330098685 330764521 330764524 330764530 330764546 330764552 330764569
330764639: 37.8159925 -107.6585 1795.145 330098641 330098653 330098680 330098681 330098683 330098685 330764521 330764526 330764543 330764549 330764561 330764575 330764587 330764594 330764609 330764618 330764623 330764636 330764637
330764619: 37.8145559 -107.6603964 1605.7889999999998 330098641 330098653 330098680 330098681 330098683 330098685 330764521 330764526 330764543 330764549 330764561 330764575 330764587 330764594 330764609 330764618
330764547: 37.8085993 -107.6658037 790.253 330098641 330098653 330098680 330098681 330098683 330098685 330764521 330764524 330764530
330764573: 37.812812 -107.6663857 1258.103 330098641 330098653 330098680 330098681 330098683 330098685 330764521 330764526 330764543 330764542 330764557 330764556 330764566 330764572
330764569: 37.8092732 -107.6625555 1180.3000000000002 330098641 330098653 330098680 330098681 330098683 330098685 330764521 330764524 330764530 330764546 330764552
330764643: 37.8165647 -107.6571214 1932.052 330098641 330098653 330098680 330098681 330098683 330098685 330764521 330764526 330764543 330764549 330764561 330764575 330764587 330764594 330764609 330764618 330764623 330764636 330764637 330764639
330098681: 37.8057088 -107.6698619 226.29299999999998 330098641 330098653 330098680
330098741: 37.8070608 -107.6699879 440.569 330098641 330098653 330098680 330098681 330098683 330098685
330764543: 37.8091249 -107.666713 696.211 330098641 330098653 330098680 330098681 330098683 330098685 330764521 330764526
2042183279: 37.8058594 -107.6657771 746.685 330098641 330098653 330098680 330098681 330098683 330098685 330764521 330764524
331058125: 37.8180967 -107.6583566 1995.6739999999998 330098641 330098653 330098680 330098681 330098683 330098685 330764521 330764526 330764543 330764549 330764561 330764575 330764587 330764594 330764609 330764618 330764623 330764638
330098685: 37.8065591 -107.6690796 343.182 330098641 330098653 330098680 330098681 330098683
330764551: 37.808932 -107.6641836 982.7660000000001 330098641 330098653 330098680 330098681 330098683 330098685 330764521 330764524 330764530 330764546
330764599: 37.8123267 -107.6610804 1460.9360000000001 330098641 330098653 330098680 330098681 330098683 330098685 330764521 330764524 330764530 330764547 330764550 330764571 330764576 330764588 330764602
330764521: 37.8074359 -107.6682606 464.35400000000004 330098641 330098653 330098680 330098681 330098683 330098685
330764609: 37.814166 -107.6620647 1389.7569999999998 330098641 330098653 330098680 330098681 330098683 330098685 330764521 330764526 330764543 330764549 330764561 330764575 330764587 330764594
330764641: 37.8151704 -107.6571294 1946.355 330098641 330098653 330098680 330098681 330098683 330098685 330764521 330764526 330764543 330764549 330764561 330764575 330764587 330764594 330764609 330764618 330764623 330764636 330764637 330764639 330764640
330764557: 37.8104726 -107.6667961 905.245 330098641 330098653 330098680 330098681 330098683 330098685 330764521 330764526 330764543 330764542
330764621: 37.8134541 -107.6586234 1787.2980000000002 330098641 330098653 330098680 330098681 330098683 330098685 330764521 330764524 330764530 330764547 330764550 330764571 330764576 330764588 330764602 330764599 330764614 330764613
330764519: 37.8084171 -107.6699987 652.0240000000001 330098641 330098653 330098680 330098681 330098683 330098685 330764521 330764520
330764607: 37.8151958 -107.6637813 1576.374 330098641 330098653 330098680 330098681 330098683 330098685 330764521 330764526 330764543 330764549 330764561 330764575 330764574 330764586 330764593 330764592 330764606
330764633: 37.8148398 -107.6587307 1796.6509999999998 330098641 330098653 330098680 330098681 330098683 330098685 330764521 330764526 330764543 330764549 330764561 330764575 330764587 330764594 330764609 330764618 330764623 330764636 330764635 330764634
330098683: 37.8058212 -107.6697573 241.80599999999998 330098641 330098653 330098680 330098681
330764623: 37.8156111 -107.6607156 1589.437 330098641 330098653 330098680 330098681 330098683 330098685 330764521 330764526 330764543 330764549 330764561 330764575 330764587 330764594 330764609 330764618
330098703: 37.8031064 -107.6695588 617.131 330098641 330098653 330098680 330098681 330098706
330764591: 37.8146344 -107.6650835 1514.562 330098641 330098653 330098680 330098681 330098683 330098685 330764521 330764526 330764543 330764549 330764561 330764575 330764574 330764586 330764593 330764592
330764603: 37.8110377 -107.6608244 1659.458 330098641 330098653 330098680 330098681 330098683 330098685 330764521 330764524 330764530 330764547 330764550 330764571 330764576 330764588 330764602 330764599 330764598
2042183459: 37.8059188 -107.6700764 616.4 330098641 330098653 330098680 330098681 330098683 330098685 330098741 330098732
330764631: 37.8143249 -107.6578188 1907.1790000000003 330098641 330098653 330098680 330098681 330098683 330098685 330764521 330764524 330764530 330764547 330764550 330764571 330764576 330764588 330764602 330764599 330764614 330764613 330764621
330764585: 37.813488 -107.665345 1342.391 330098641 330098653 330098680 330098681 330098683 330098685 330764521 330764526 330764543 330764542 330764557 330764556 330764566 330764572
330764549: 37.8099492 -107.6659351 810.541 330098641 330098653 330098680 330098681 330098683 330098685 330764521 330764526 330764543
330098641: 37.8040903 -107.6714193 0.0 
330764575: 37.8116381 -107.6644036 1041.567 330098641 330098653 330098680 330098681 330098683 330098685 330764521 330764526 330764543 330764549 330764561
330764525: 37.8087682 -107.6683713 672.9920000000001 330098641 330098653 330098680 330098681 330098683 330098685 330764521 330764526
330764637: 37.8156027 -107.6594844 1698.418 330098641 330098653 330098680 330098681 330098683 330098685 330764521 330764526 330764543 330764549 330764561 330764575 330764587 330764594 330764609 330764618 330764623 330764636
330764615: 37.8161048 -107.6629069 1692.4139999999998 330098641 330098653 330098680 330098681 330098683 330098685 330764521 330764526 330764543 330764549 330764561 330764575 330764587 330764594 330764609 330764608
330764635: 37.8152361 -107.6597821 1682.4669999999999 330098641 330098653 330098680 330098681 330098683 330098685 330764521 330764526 330764543 330764549 330764561 330764575 330764587 330764594 330764609 330764618 330764623 330764636
330764561: 37.8108096 -107.6651412 928.936 330098641 330098653 330098680 330098681 330098683 330098685 330764521 330764526 330764543 330764549
330764593: 37.8138228 -107.6637223 1364.7189999999998 330098641 330098653 330098680 330098681 330098683 330098685 330764521 330764526 330764543 330764549 330764561 330764575 330764574 330764586
330764613: 37.8126213 -107.6593879 1672.9060000000002 330098641 330098653 330098680 330098681 330098683 330098685 330764521 330764524 330764530 330764547 330764550 330764571 330764576 330764588 330764602 330764599 330764614
330764571: 37.8102946 -107.6642856 1021.172 330098641 330098653 330098680 330098681 330098683 330098685 330764521 330764524 330764530 330764547 330764550
330764581: 37.8106342 -107.6626378 1215.7430000000002 330098641 330098653 330098680 330098681 330098683 330098685 330764521 330764524 330764530 330764546 330764551 330764570
330098669: 37.8056042 -107.6713351 193.65699999999998 330098641 330098653 1356606892
1826005507: 37.8043293 -107.6677159 471.7459999999999 330098641 330098653 330098680 330098681 330098706
330764577: 37.8101346 -107.6617791 1298.2800000000002 330098641 330098653 330098680 330098681 330098683 330098685 330764521 330764524 330764530 330764546 330764552 330764569
