1826005506: 37.8125684 -107.6687888 597.082 330764525 330764542 330764557 330764556 330764554
330764640: 37.8156472 -107.6578912 1376.269 330764525 330764542 330764557 330764562 330764574 330764575 330764587 330764594 330764609 330764618 330764623 330764636 330764637 330764639
331107624: 37.8037969 -107.6743977 956.329 330764525 330764526 330764521 330098685 330098683 330098681 330098680 330098653 330098641
330764554: 37.8114601 -107.6685208 421.839 330764525 330764542 330764557 330764556
331058144: 37.8181867 -107.6574714 1589.3729999999996 330764525 330764542 330764557 330764562 330764574 330764575 330764587 330764594 330764609 330764618 330764623 330764638 331058125
330098706: 37.8046661 -107.6682955 628.942 330764525 330764526 330764521 330098685 330098683 330098681
330764588: 37.8119708 -107.6627674 766.044 330764525 330764542 330764557 330764562 330764574 330764575 330764587
330764622: 37.8131405 -107.6580789 1362.174 330764525 330764542 330764557 330764562 330764574 330764575 330764587 330764588 330764602 330764599 330764614 330764613 330764621
330764546: 37.8080865 -107.6649695 384.853 330764525 330764526 330764530
330764562: 37.8113224 -107.666021 351.15 330764525 330764542 330764557
330764632: 37.8140283 -107.6572931 1479.6100000000001 330764525 330764542 330764557 330764562 330764574 330764575 330764587 330764588 330764602 330764599 330764614 330764613 330764621 330764631
330764570: 37.8097882 -107.6634165 618.139 330764525 330764526 330764530 330764546 330764551
330764618: 37.8150602 -107.6612439 1027.876 330764525 330764542 330764557 330764562 330764574 330764575 330764587 330764594 330764609
330098732: 37.8062937 -107.6707095 343.373 330764525 330764520 330098741
330764602: 37.8128099 -107.6619172 885.559 330764525 330764542 330764557 330764562 330764574 330764575 330764587 330764588
330764566: 37.8118076 -107.6668819 441.29900000000004 330764525 330764542 330764557 330764556
330764550: 37.809447 -107.6650527 421.457 330764525 330764542 330764543 330764549
330764574: 37.8121361 -107.6652485 464.251 330764525 330764542 330764557 330764562
330764572: 37.812651 -107.6661068 557.193 330764525 330764542 330764557 330764556 330764566
330764530: 37.807756 -107.666603 191.835 330764525 330764526
330764638: 37.8166855 -107.6597526 1251.1239999999998 330764525 330764542 330764557 330764562 330764574 330764575 330764587 330764594 330764609 330764618 330764623
330764552: 37.8084351 -107.663328 583.7180000000001 330764525 330764526 330764530 330764546
330764584: 37.8137179 -107.6657607 716.4010000000001 330764525 330764542 330764557 330764556 330764566 330764572 330764585
330764524: 37.8069358 -107.667405 302.14 330764525 330764526 330764521
330764576: 37.8111359 -107.6635211 652.4 330764525 330764542 330764557 330764562 330764574 330764575
3042563270: 37.8101077 -107.6617323 822.095 330764525 330764526 330764530 330764546 330764552 330764569 330764577
330764606: 37.8151535 -107.6638215 900.317 330764525 330764542 330764557 330764556 330764566 330764572 330764585 330764592
330764592: 37.8143313 -107.6645672 787.8480000000001 330764525 330764542 330764557 330764556 330764566 330764572 330764585
330764594: 37.8133163 -107.6628318 788.996 330764525 330764542 330764557 330764562 330764574 330764575 330764587
331058146: 37.8181665 -107.6566922 1657.8549999999996 330764525 330764542 330764557 330764562 330764574 330764575 330764587 330764594 330764609 330764618 330764623 330764638 331058125 331058144
1826005504: 37.8111838 -107.6687122 457.325 330764525 330764542 330764557 330764556 330764554
330098752: 37.8067716 -107.6714618 420.813 330764525 330764520 330098741
330764604: 37.8155688 -107.6643634 967.398 330764525 330764542 330764557 330764556 330764566 330764572 330764585 330764592 330764606
330764644: 37.8160286 -107.656314 1539.9899999999998 330764525 330764542 330764557 330764562 330764574 330764575 330764587 330764594 330764609 330764618 330764623 330764636 330764637 330764639 330764643
330764608: 37.8146809 -107.6629016 814.3870000000001 330764525 330764542 330764557 330764562 330764574 330764586 330764593
330764620: 37.8139881 -107.6594951 1208.0349999999999 330764525 330764542 330764557 330764562 330764574 330764575 330764587 330764588 330764602 330764599 330764614
330764636: 37.8155794 -107.6604956 1124.3709999999999 330764525 330764542 330764557 330764562 330764574 330764575 330764587 330764594 330764609 330764618 330764623
330764586: 37.8129837 -107.6644867 579.842 330764525 330764542 330764557 330764562 330764574
330764612: 37.8122441 -107.6587736 1256.936 330764525 330764542 330764557 330764562 330764574 330764575 330764587 330764588 330764602 330764599 330764614 330764613
330764556: 37.810977 -107.6676383 327.521 330764525 330764542 330764557
330098680: 37.8055774 -107.6699879 465.03000000000003 330764525 330764526 330764521 330098685 330098683 330098681
330764598: 37.8117991 -107.6601952 1074.031 330764525 330764542 330764557 330764562 330764574 330764575 330764587 330764588 330764602 330764599
1356606892: 37.8055113 -107.6712321 589.31 330764525 330764526 330764521 330098685 330098683 330098694 330098669
330098694: 37.8056156 -107.6703259 486.12300000000005 330764525 330764526 330764521 330098685 330098683
2084019368: 37.8114968 -107.6570223 1382.962 330764525 330764542 330764557 330764562 330764574 330764575 330764587 330764588 330764602 330764599 330764598
330764526: 37.8082709 -107.6675015 94.322 330764525
330764542: 37.8096228 -107.6675632 118.617 330764525
330764520: 37.8079382 -107.6691538 115.08 330764525
330764614: 37.8131426 -107.6602623 1092.359 330764525 330764542 330764557 330764562 330764574 330764575 330764587 330764588 330764602 330764599
330764634: 37.8153336 -107.6596936 1211.0979999999997 330764525 330764542 330764557 330764562 330764574 330764575 330764587 330764594 330764609 330764618 330764623 330764636 330764635
330764626: 37.8187672 -107.6622713 1351.6860000000001 330764525 330764542 330764557 330764562 330764574 330764586 330764593 330764608 330764615
330098653: 37.8044754 -107.6709965 616.249 330764525 330764526 330764521 330098685 330098683 330098681 330098680
330764587: 37.8124751 -107.6636123 673.021 330764525 330764542 330764557 330764562 330764574 330764575
3042563877: 37.8088158 -107.6617505 786.1410000000001 330764525 330764526 330764530 330764546 330764552 330764569
330764639: 37.8159925 -107.6585 1310.435 330764525 330764542 330764557 330764562 330764574 330764575 330764587 330764594 330764609 330764618 330764623 330764636 330764637
330764619: 37.8145559 -107.6603964 1121.079 330764525 330764542 330764557 330764562 330764574 330764575 330764587 330764594 330764609 330764618
330764547: 37.8085993 -107.6658037 308.98400000000004 330764525 330764526 330764530
330764573: 37.812812 -107.6663857 587.537 330764525 330764542 330764557 330764556 330764566 330764572
330764569: 37.8092732 -107.6625555 699.0310000000001 330764525 330764526 330764530 330764546 330764552
330764643: 37.8165647 -107.6571214 1447.3419999999999 330764525 330764542 330764557 330764562 330764574 330764575 330764587 330764594 330764609 330764618 330764623 330764636 330764637 330764639
330098681: 37.8057088 -107.6698619 446.699 330764525 330764526 330764521 330098685 330098683
330098741: 37.8070608 -107.6699879 237.09699999999998 330764525 330764520
330764543: 37.8091249 -107.666713 211.589 330764525 330764542
2042183279: 37.8058594 -107.6657771 490.96899999999994 330764525 330764526 330764521 330764524
331058125: 37.8180967 -107.6583566 1510.9639999999997 330764525 330764542 330764557 330764562 330764574 330764575 330764587 330764594 330764609 330764618 330764623 330764638
330098685: 37.8065591 -107.6690796 329.81 330764525 330764526 330764521
330764551: 37.808932 -107.6641836 501.497 330764525 330764526 330764530 330764546
330764599: 37.8123267 -107.6610804 976.6189999999999 330764525 330764542 330764557 330764562 330764574 330764575 330764587 330764588 330764602
330764521: 37.8074359 -107.6682606 208.638 330764525 330764526
330764609: 37.814166 -107.6620647 905.047 330764525 330764542 330764557 330764562 330764574 330764575 330764587 330764594
330764641: 37.8151704 -107.6571294 1461.645 330764525 330764542 330764557 330764562 330764574 330764575 330764587 330764594 330764609 330764618 330764623 330764636 330764637 330764639 330764640
330764557: 37.8104726 -107.6667961 234.679 330764525 330764542
330764621: 37.8134541 -107.6586234 1302.981 330764525 330764542 330764557 330764562 330764574 330764575 330764587 330764588 330764602 330764599 330764614 330764613
330764519: 37.8084171 -107.6699987 206.433 330764525 330764520
330764607: 37.8151958 -107.6637813 906.199 330764525 330764542 330764557 330764556 330764566 330764572 330764585 330764592 330764606
330764633: 37.8148398 -107.6587307 1311.9409999999998 330764525 330764542 330764557 330764562 330764574 330764575 330764587 330764594 330764609 330764618 330764623 330764636 330764635 330764634
330098683: 37.8058212 -107.6697573 431.18600000000004 330764525 330764526 330764521 330098685
330764623: 37.8156111 -107.6607156 1104.7269999999999 330764525 330764542 330764557 330764562 330764574 330764575 330764587 330764594 330764609 330764618
330098703: 37.8031064 -107.6695588 837.537 330764525 330764526 330764521 330098685 330098683 330098681 330098706
330764591: 37.8146344 -107.6650835 844.3870000000001 330764525 330764542 330764557 330764556 330764566 330764572 330764585 330764592
330764603: 37.8110377 -107.6608244 1175.1409999999998 330764525 330764542 330764557 330764562 330764574 330764575 330764587 330764588 330764602 330764599 330764598
2042183459: 37.8059188 -107.6700764 412.928 330764525 330764520 330098741 330098732
330764631: 37.8143249 -107.6578188 1422.862 330764525 330764542 330764557 330764562 330764574 330764575 330764587 330764588 330764602 330764599 330764614 330764613 330764621
330764585: 37.813488 -107.665345 671.825 330764525 330764542 330764557 330764556 330764566 330764572
330764549: 37.8099492 -107.6659351 325.919 330764525 330764542 330764543
330098641: 37.8040903 -107.6714193 672.992 330764525 330764526 330764521 330098685 330098683 330098681 330098680 330098653
330764575: 37.8116381 -107.6644036 556.857 330764525 330764542 330764557 330764562 330764574
330764525: 37.8087682 -107.6683713 0.0 
330764637: 37.8156027 -107.6594844 1213.7079999999999 330764525 330764542 330764557 330764562 330764574 330764575 330764587 330764594 330764609 330764618 330764623 330764636
330764615: 37.8161048 -107.6629069 1023.863 330764525 330764542 330764557 330764562 330764574 330764586 330764593 330764608
330764635: 37.8152361 -107.6597821 1197.7569999999998 330764525 330764542 330764557 330764562 330764574 330764575 330764587 330764594 330764609 330764618 330764623 330764636
330764561: 37.8108096 -107.6651412 444.31399999999996 330764525 330764542 330764543 330764549
330764593: 37.8138228 -107.6637223 694.797 330764525 330764542 330764557 330764562 330764574 330764586
330764613: 37.8126213 -107.6593879 1188.589 330764525 330764542 330764557 330764562 330764574 330764575 330764587 330764588 330764602 330764599 330764614
330764571: 37.8102946 -107.6642856 537.3199999999999 330764525 330764542 330764543 330764549 330764550
330764581: 37.8106342 -107.6626378 734.474 330764525 330764526 330764530 330764546 330764551 330764570
330098669: 37.8056042 -107.6713351 575.577 330764525 330764526 330764521 330098685 330098683 330098694
1826005507: 37.8043293 -107.6677159 692.152 330764525 330764526 330764521 330098685 330098683 330098681 330098706
330764577: 37.8101346 -107.6617791 817.0110000000001 330764525 330764526 330764530 330764546 330764552 330764569
