1826005506: 37.8125684 -107.6687888 471.58599999999996 330764562 330764566 330764554
330764640: 37.8156472 -107.6578912 1025.1190000000001 330764562 330764574 330764575 330764587 330764594 330764609 330764618 330764623 330764636 330764637 330764639
331107624: 37.8037969 -107.6743977 1305.0529999999999 330764562 330764557 330764542 330764543 330764526 330764521 330098685 330098683 330098681 330098680 330098653 330098641
330764554: 37.8114601 -107.6685208 296.34299999999996 330764562 330764566
331058144: 37.8181867 -107.6574714 1238.223 330764562 330764574 330764575 330764587 330764594 330764609 330764618 330764623 330764638 331058125
330098706: 37.8046661 -107.6682955 977.6659999999999 330764562 330764557 330764542 330764543 330764526 330764521 330098685 330098683 330098681
330764588: 37.8119708 -107.6627674 414.894 330764562 330764574 330764575 330764587
330764622: 37.8131405 -107.6580789 1011.0240000000001 330764562 330764574 330764575 330764587 330764588 330764602 330764599 330764614 330764613 330764621
330764546: 37.8080865 -107.6649695 514.3129999999999 330764562 330764561 330764571 330764550 330764547
330764562: 37.8113224 -107.666021 0.0 
330764632: 37.8140283 -107.6572931 1128.4600000000003 330764562 330764574 330764575 330764587 330764588 330764602 330764599 330764614 330764613 330764621 330764631
330764570: 37.8097882 -107.6634165 285.40599999999995 330764562 330764561 330764571
330764618: 37.8150602 -107.6612439 676.7260000000001 330764562 330764574 330764575 330764587 330764594 330764609
330098732: 37.8062937 -107.6707095 694.523 330764562 330764557 330764542 330764525 330764520 330098741
330764602: 37.8128099 -107.6619172 534.409 330764562 330764574 330764575 330764587 330764588
330764566: 37.8118076 -107.6668819 92.9 330764562
330764550: 37.809447 -107.6650527 306.40099999999995 330764562 330764561 330764571
330764574: 37.8121361 -107.6652485 113.101 330764562
330764572: 37.812651 -107.6661068 207.775 330764562 330764574
330764530: 37.807756 -107.666603 538.606 330764562 330764561 330764571 330764550 330764547
330764638: 37.8166855 -107.6597526 899.9740000000002 330764562 330764574 330764575 330764587 330764594 330764609 330764618 330764623
330764552: 37.8084351 -107.663328 495.1379999999999 330764562 330764561 330764571 330764550 330764551
330764584: 37.8137179 -107.6657607 366.98300000000006 330764562 330764574 330764572 330764585
330764524: 37.8069358 -107.667405 650.8639999999999 330764562 330764557 330764542 330764543 330764526 330764521
330764576: 37.8111359 -107.6635211 301.25 330764562 330764574 330764575
3042563270: 37.8101077 -107.6617323 495.58700000000005 330764562 330764574 330764575 330764576 330764581 330764577
330764606: 37.8151535 -107.6638215 549.4200000000001 330764562 330764574 330764586 330764593 330764592
330764592: 37.8143313 -107.6645672 436.951 330764562 330764574 330764586 330764593
330764594: 37.8133163 -107.6628318 437.846 330764562 330764574 330764575 330764587
331058146: 37.8181665 -107.6566922 1306.705 330764562 330764574 330764575 330764587 330764594 330764609 330764618 330764623 330764638 331058125 331058144
1826005504: 37.8111838 -107.6687122 331.82899999999995 330764562 330764566 330764554
330098752: 37.8067716 -107.6714618 771.9630000000001 330764562 330764557 330764542 330764525 330764520 330098741
330764604: 37.8155688 -107.6643634 616.5010000000001 330764562 330764574 330764586 330764593 330764592 330764606
330764644: 37.8160286 -107.656314 1188.84 330764562 330764574 330764575 330764587 330764594 330764609 330764618 330764623 330764636 330764637 330764639 330764643
330764608: 37.8146809 -107.6629016 463.23699999999997 330764562 330764574 330764586 330764593
330764620: 37.8139881 -107.6594951 856.8850000000001 330764562 330764574 330764575 330764587 330764588 330764602 330764599 330764614
330764636: 37.8155794 -107.6604956 773.2210000000001 330764562 330764574 330764575 330764587 330764594 330764609 330764618 330764623
330764586: 37.8129837 -107.6644867 228.692 330764562 330764574
330764612: 37.8122441 -107.6587736 905.7860000000001 330764562 330764574 330764575 330764587 330764588 330764602 330764599 330764614 330764613
330764556: 37.810977 -107.6676383 206.678 330764562 330764566
330098680: 37.8055774 -107.6699879 813.754 330764562 330764557 330764542 330764543 330764526 330764521 330098685 330098683 330098681
330764598: 37.8117991 -107.6601952 722.8810000000001 330764562 330764574 330764575 330764587 330764588 330764602 330764599
1356606892: 37.8055113 -107.6712321 938.0339999999999 330764562 330764557 330764542 330764543 330764526 330764521 330098685 330098683 330098694 330098669
330098694: 37.8056156 -107.6703259 834.847 330764562 330764557 330764542 330764543 330764526 330764521 330098685 330098683
2084019368: 37.8114968 -107.6570223 1031.8120000000001 330764562 330764574 330764575 330764587 330764588 330764602 330764599 330764598
330764526: 37.8082709 -107.6675015 443.046 330764562 330764557 330764542 330764543
330764542: 37.8096228 -107.6675632 232.53300000000002 330764562 330764557
330764520: 37.8079382 -107.6691538 466.23 330764562 330764557 330764542 330764525
330764614: 37.8131426 -107.6602623 741.2090000000001 330764562 330764574 330764575 330764587 330764588 330764602 330764599
330764634: 37.8153336 -107.6596936 859.9480000000001 330764562 330764574 330764575 330764587 330764594 330764609 330764618 330764623 330764636 330764635
330764626: 37.8187672 -107.6622713 1000.536 330764562 330764574 330764586 330764593 330764608 330764615
330098653: 37.8044754 -107.6709965 964.973 330764562 330764557 330764542 330764543 330764526 330764521 330098685 330098683 330098681 330098680
330764587: 37.8124751 -107.6636123 321.871 330764562 330764574 330764575
3042563877: 37.8088158 -107.6617505 467.38699999999994 330764562 330764561 330764571 330764570 330764569
330764639: 37.8159925 -107.6585 959.2850000000001 330764562 330764574 330764575 330764587 330764594 330764609 330764618 330764623 330764636 330764637
330764619: 37.8145559 -107.6603964 769.9290000000001 330764562 330764574 330764575 330764587 330764594 330764609 330764618
330764547: 37.8085993 -107.6658037 421.45699999999994 330764562 330764561 330764571 330764550
330764573: 37.812812 -107.6663857 238.119 330764562 330764574 330764572
330764569: 37.8092732 -107.6625555 380.27699999999993 330764562 330764561 330764571 330764570
330764643: 37.8165647 -107.6571214 1096.192 330764562 330764574 330764575 330764587 330764594 330764609 330764618 330764623 330764636 330764637 330764639
330098681: 37.8057088 -107.6698619 795.423 330764562 330764557 330764542 330764543 330764526 330764521 330098685 330098683
330098741: 37.8070608 -107.6699879 588.2470000000001 330764562 330764557 330764542 330764525 330764520
330764543: 37.8091249 -107.666713 325.505 330764562 330764557 330764542
2042183279: 37.8058594 -107.6657771 839.6929999999999 330764562 330764557 330764542 330764543 330764526 330764521 330764524
331058125: 37.8180967 -107.6583566 1159.814 330764562 330764574 330764575 330764587 330764594 330764609 330764618 330764623 330764638
330098685: 37.8065591 -107.6690796 678.534 330764562 330764557 330764542 330764543 330764526 330764521
330764551: 37.808932 -107.6641836 401.84099999999995 330764562 330764561 330764571 330764550
330764599: 37.8123267 -107.6610804 625.469 330764562 330764574 330764575 330764587 330764588 330764602
330764521: 37.8074359 -107.6682606 557.362 330764562 330764557 330764542 330764543 330764526
330764609: 37.814166 -107.6620647 553.897 330764562 330764574 330764575 330764587 330764594
330764641: 37.8151704 -107.6571294 1110.4950000000001 330764562 330764574 330764575 330764587 330764594 330764609 330764618 330764623 330764636 330764637 330764639 330764640
330764557: 37.8104726 -107.6667961 116.471 330764562
330764621: 37.8134541 -107.6586234 951.8310000000001 330764562 330764574 330764575 330764587 330764588 330764602 330764599 330764614 330764613
330764519: 37.8084171 -107.6699987 557.5830000000001 330764562 330764557 330764542 330764525 330764520
330764607: 37.8151958 -107.6637813 555.302 330764562 330764574 330764586 330764593 330764592 330764606
330764633: 37.8148398 -107.6587307 960.791 330764562 330764574 330764575 330764587 330764594 330764609 330764618 330764623 330764636 330764635 330764634
330098683: 37.8058212 -107.6697573 779.91 330764562 330764557 330764542 330764543 330764526 330764521 330098685
330764623: 37.8156111 -107.6607156 753.5770000000001 330764562 330764574 330764575 330764587 330764594 330764609 330764618
330098703: 37.8031064 -107.6695588 1186.261 330764562 330764557 330764542 330764543 330764526 330764521 330098685 330098683 330098681 330098706
330764591: 37.8146344 -107.6650835 493.49 330764562 330764574 330764586 330764593 330764592
330764603: 37.8110377 -107.6608244 823.9910000000001 330764562 330764574 330764575 330764587 330764588 330764602 330764599 330764598
2042183459: 37.8059188 -107.6700764 764.078 330764562 330764557 330764542 330764525 330764520 330098741 330098732
330764631: 37.8143249 -107.6578188 1071.7120000000002 330764562 330764574 330764575 330764587 330764588 330764602 330764599 330764614 330764613 330764621
330764585: 37.813488 -107.665345 322.40700000000004 330764562 330764574 330764572
330764549: 37.8099492 -107.6659351 211.90800000000002 330764562 330764557
330098641: 37.8040903 -107.6714193 1021.7159999999999 330764562 330764557 330764542 330764543 330764526 330764521 330098685 330098683 330098681 330098680 330098653
330764575: 37.8116381 -107.6644036 205.707 330764562 330764574
330764525: 37.8087682 -107.6683713 351.15000000000003 330764562 330764557 330764542
330764637: 37.8156027 -107.6594844 862.5580000000001 330764562 330764574 330764575 330764587 330764594 330764609 330764618 330764623 330764636
330764615: 37.8161048 -107.6629069 672.713 330764562 330764574 330764586 330764593 330764608
330764635: 37.8152361 -107.6597821 846.6070000000001 330764562 330764574 330764575 330764587 330764594 330764609 330764618 330764623 330764636
330764561: 37.8108096 -107.6651412 96.04599999999999 330764562
330764593: 37.8138228 -107.6637223 343.647 330764562 330764574 330764586
330764613: 37.8126213 -107.6593879 837.4390000000001 330764562 330764574 330764575 330764587 330764588 330764602 330764599 330764614
330764571: 37.8102946 -107.6642856 190.53799999999998 330764562 330764561
330764581: 37.8106342 -107.6626378 396.819 330764562 330764574 330764575 330764576
330098669: 37.8056042 -107.6713351 924.3009999999999 330764562 330764557 330764542 330764543 330764526 330764521 330098685 330098683 330098694
1826005507: 37.8043293 -107.6677159 1040.876 330764562 330764557 330764542 330764543 330764526 330764521 330098685 330098683 330098681 330098706
330764577: 37.8101346 -107.6617791 490.50300000000004 330764562 330764574 330764575 330764576 330764581
