1826005506: 37.8125684 -107.6687888 1298.358 330764626 330764615 330764607 330764606 330764592 330764585 330764572 330764566 330764554
330764640: 37.8156472 -107.6578912 1101.702 330764626 330764615 330764608 330764609 330764618 330764623 330764636 330764637 330764639
331107624: 37.8037969 -107.6743977 2303.5739999999996 330764626 330764615 330764608 330764609 330764594 330764587 330764575 330764561 330764549 330764543 330764526 330764521 330098685 330098683 330098681 330098680 330098653 330098641
330764554: 37.8114601 -107.6685208 1123.115 330764626 330764615 330764607 330764606 330764592 330764585 330764572 330764566
331058144: 37.8181867 -107.6574714 1314.806 330764626 330764615 330764608 330764609 330764618 330764623 330764638 331058125
330098706: 37.8046661 -107.6682955 1976.187 330764626 330764615 330764608 330764609 330764594 330764587 330764575 330764561 330764549 330764543 330764526 330764521 330098685 330098683 330098681
330764588: 37.8119708 -107.6627674 955.5290000000001 330764626 330764615 330764608 330764609 330764594 330764587
330764622: 37.8131405 -107.6580789 1103.87 330764626 330764615 330764608 330764609 330764618 330764619 330764620 330764621
330764546: 37.8080865 -107.6649695 1504.2860000000003 330764626 330764615 330764608 330764609 330764594 330764587 330764588 330764581 330764570 330764551
330764562: 37.8113224 -107.666021 1000.5360000000001 330764626 330764615 330764608 330764593 330764586 330764574
330764632: 37.8140283 -107.6572931 1221.306 330764626 330764615 330764608 330764609 330764618 330764619 330764620 330764621 330764631
330764570: 37.8097882 -107.6634165 1271.0000000000002 330764626 330764615 330764608 330764609 330764594 330764587 330764588 330764581
330764618: 37.8150602 -107.6612439 753.309 330764626 330764615 330764608 330764609
330098732: 37.8062937 -107.6707095 1695.059 330764626 330764615 330764608 330764593 330764586 330764574 330764562 330764557 330764542 330764525 330764520 330098741
330764602: 37.8128099 -107.6619172 844.642 330764626 330764615 330764608 330764609 330764594
330764566: 37.8118076 -107.6668819 919.672 330764626 330764615 330764607 330764606 330764592 330764585 330764572
330764550: 37.809447 -107.6650527 1300.5810000000001 330764626 330764615 330764608 330764609 330764594 330764587 330764588 330764576 330764571
330764574: 37.8121361 -107.6652485 887.4350000000001 330764626 330764615 330764608 330764593 330764586
330764572: 37.812651 -107.6661068 803.778 330764626 330764615 330764607 330764606 330764592 330764585
330764530: 37.807756 -107.666603 1532.786 330764626 330764615 330764608 330764609 330764594 330764587 330764588 330764576 330764571 330764550 330764547
330764638: 37.8166855 -107.6597526 976.557 330764626 330764615 330764608 330764609 330764618 330764623
330764552: 37.8084351 -107.663328 1480.9390000000003 330764626 330764615 330764608 330764609 330764594 330764587 330764588 330764581 330764570 330764551
330764584: 37.8137179 -107.6657607 733.7220000000001 330764626 330764615 330764607 330764606 330764592 330764585
330764524: 37.8069358 -107.667405 1648.034 330764626 330764615 330764608 330764609 330764594 330764587 330764588 330764576 330764571 330764550 330764547 330764530
330764576: 37.8111359 -107.6635211 1069.558 330764626 330764615 330764608 330764609 330764594 330764587 330764588
3042563270: 37.8101077 -107.6617323 1253.4330000000002 330764626 330764615 330764608 330764609 330764594 330764587 330764588 330764581 330764577
330764606: 37.8151535 -107.6638215 460.654 330764626 330764615 330764607
330764592: 37.8143313 -107.6645672 573.123 330764626 330764615 330764607 330764606
330764594: 37.8133163 -107.6628318 746.5310000000001 330764626 330764615 330764608 330764609
331058146: 37.8181665 -107.6566922 1383.288 330764626 330764615 330764608 330764609 330764618 330764623 330764638 331058125 331058144
1826005504: 37.8111838 -107.6687122 1158.601 330764626 330764615 330764607 330764606 330764592 330764585 330764572 330764566 330764554
330098752: 37.8067716 -107.6714618 1772.4989999999998 330764626 330764615 330764608 330764593 330764586 330764574 330764562 330764557 330764542 330764525 330764520 330098741
330764604: 37.8155688 -107.6643634 527.735 330764626 330764615 330764607 330764606
330764644: 37.8160286 -107.656314 1265.4229999999998 330764626 330764615 330764608 330764609 330764618 330764623 330764636 330764637 330764639 330764643
330764608: 37.8146809 -107.6629016 537.299 330764626 330764615
330764620: 37.8139881 -107.6594951 947.7779999999999 330764626 330764615 330764608 330764609 330764618 330764619
330764636: 37.8155794 -107.6604956 849.804 330764626 330764615 330764608 330764609 330764618 330764623
330764586: 37.8129837 -107.6644867 771.844 330764626 330764615 330764608 330764593
330764612: 37.8122441 -107.6587736 1216.019 330764626 330764615 330764608 330764609 330764594 330764602 330764599 330764614 330764613
330764556: 37.810977 -107.6676383 1033.45 330764626 330764615 330764607 330764606 330764592 330764585 330764572 330764566
330098680: 37.8055774 -107.6699879 1812.2749999999999 330764626 330764615 330764608 330764609 330764594 330764587 330764575 330764561 330764549 330764543 330764526 330764521 330098685 330098683 330098681
330764598: 37.8117991 -107.6601952 1033.114 330764626 330764615 330764608 330764609 330764594 330764602 330764599
1356606892: 37.8055113 -107.6712321 1936.5549999999998 330764626 330764615 330764608 330764609 330764594 330764587 330764575 330764561 330764549 330764543 330764526 330764521 330098685 330098683 330098694 330098669
330098694: 37.8056156 -107.6703259 1833.368 330764626 330764615 330764608 330764609 330764594 330764587 330764575 330764561 330764549 330764543 330764526 330764521 330098685 330098683
2084019368: 37.8114968 -107.6570223 1342.045 330764626 330764615 330764608 330764609 330764594 330764602 330764599 330764598
330764526: 37.8082709 -107.6675015 1441.567 330764626 330764615 330764608 330764609 330764594 330764587 330764575 330764561 330764549 330764543
330764542: 37.8096228 -107.6675632 1233.069 330764626 330764615 330764608 330764593 330764586 330764574 330764562 330764557
330764520: 37.8079382 -107.6691538 1466.7659999999998 330764626 330764615 330764608 330764593 330764586 330764574 330764562 330764557 330764542 330764525
330764614: 37.8131426 -107.6602623 1051.442 330764626 330764615 330764608 330764609 330764594 330764602 330764599
330764634: 37.8153336 -107.6596936 936.531 330764626 330764615 330764608 330764609 330764618 330764623 330764636 330764635
330764626: 37.8187672 -107.6622713 0.0 
330098653: 37.8044754 -107.6709965 1963.494 330764626 330764615 330764608 330764609 330764594 330764587 330764575 330764561 330764549 330764543 330764526 330764521 330098685 330098683 330098681 330098680
330764587: 37.8124751 -107.6636123 862.5060000000001 330764626 330764615 330764608 330764609 330764594
3042563877: 37.8088158 -107.6617505 1452.9810000000002 330764626 330764615 330764608 330764609 330764594 330764587 330764588 330764581 330764570 330764569
330764639: 37.8159925 -107.6585 1035.868 330764626 330764615 330764608 330764609 330764618 330764623 330764636 330764637
330764619: 37.8145559 -107.6603964 846.512 330764626 330764615 330764608 330764609 330764618
330764547: 37.8085993 -107.6658037 1415.6370000000002 330764626 330764615 330764608 330764609 330764594 330764587 330764588 330764576 330764571 330764550
330764573: 37.812812 -107.6663857 834.1220000000001 330764626 330764615 330764607 330764606 330764592 330764585 330764572
330764569: 37.8092732 -107.6625555 1365.8710000000003 330764626 330764615 330764608 330764609 330764594 330764587 330764588 330764581 330764570
330764643: 37.8165647 -107.6571214 1172.7749999999999 330764626 330764615 330764608 330764609 330764618 330764623 330764636 330764637 330764639
330098681: 37.8057088 -107.6698619 1793.944 330764626 330764615 330764608 330764609 330764594 330764587 330764575 330764561 330764549 330764543 330764526 330764521 330098685 330098683
330098741: 37.8070608 -107.6699879 1588.783 330764626 330764615 330764608 330764593 330764586 330764574 330764562 330764557 330764542 330764525 330764520
330764543: 37.8091249 -107.666713 1324.026 330764626 330764615 330764608 330764609 330764594 330764587 330764575 330764561 330764549
2042183279: 37.8058594 -107.6657771 1836.863 330764626 330764615 330764608 330764609 330764594 330764587 330764588 330764576 330764571 330764550 330764547 330764530 330764524
331058125: 37.8180967 -107.6583566 1236.397 330764626 330764615 330764608 330764609 330764618 330764623 330764638
330098685: 37.8065591 -107.6690796 1677.055 330764626 330764615 330764608 330764609 330764594 330764587 330764575 330764561 330764549 330764543 330764526 330764521
330764551: 37.808932 -107.6641836 1387.6420000000003 330764626 330764615 330764608 330764609 330764594 330764587 330764588 330764581 330764570
330764599: 37.8123267 -107.6610804 935.702 330764626 330764615 330764608 330764609 330764594 330764602
330764521: 37.8074359 -107.6682606 1555.883 330764626 330764615 330764608 330764609 330764594 330764587 330764575 330764561 330764549 330764543 330764526
330764609: 37.814166 -107.6620647 630.48 330764626 330764615 330764608
330764641: 37.8151704 -107.6571294 1187.078 330764626 330764615 330764608 330764609 330764618 330764623 330764636 330764637 330764639 330764640
330764557: 37.8104726 -107.6667961 1117.007 330764626 330764615 330764608 330764593 330764586 330764574 330764562
330764621: 37.8134541 -107.6586234 1044.677 330764626 330764615 330764608 330764609 330764618 330764619 330764620
330764519: 37.8084171 -107.6699987 1558.119 330764626 330764615 330764608 330764593 330764586 330764574 330764562 330764557 330764542 330764525 330764520
330764607: 37.8151958 -107.6637813 454.772 330764626 330764615
330764633: 37.8148398 -107.6587307 1037.374 330764626 330764615 330764608 330764609 330764618 330764623 330764636 330764635 330764634
330098683: 37.8058212 -107.6697573 1778.431 330764626 330764615 330764608 330764609 330764594 330764587 330764575 330764561 330764549 330764543 330764526 330764521 330098685
330764623: 37.8156111 -107.6607156 830.16 330764626 330764615 330764608 330764609 330764618
330098703: 37.8031064 -107.6695588 2184.7819999999997 330764626 330764615 330764608 330764609 330764594 330764587 330764575 330764561 330764549 330764543 330764526 330764521 330098685 330098683 330098681 330098706
330764591: 37.8146344 -107.6650835 629.662 330764626 330764615 330764607 330764606 330764592
330764603: 37.8110377 -107.6608244 1134.224 330764626 330764615 330764608 330764609 330764594 330764602 330764599 330764598
2042183459: 37.8059188 -107.6700764 1764.614 330764626 330764615 330764608 330764593 330764586 330764574 330764562 330764557 330764542 330764525 330764520 330098741 330098732
330764631: 37.8143249 -107.6578188 1164.558 330764626 330764615 330764608 330764609 330764618 330764619 330764620 330764621
330764585: 37.813488 -107.665345 689.1460000000001 330764626 330764615 330764607 330764606 330764592
330764549: 37.8099492 -107.6659351 1209.6960000000001 330764626 330764615 330764608 330764609 330764594 330764587 330764575 330764561
330098641: 37.8040903 -107.6714193 2020.2369999999999 330764626 330764615 330764608 330764609 330764594 330764587 330764575 330764561 330764549 330764543 330764526 330764521 330098685 330098683 330098681 330098680 330098653
330764575: 37.8116381 -107.6644036 978.6700000000001 330764626 330764615 330764608 330764609 330764594 330764587
330764525: 37.8087682 -107.6683713 1351.686 330764626 330764615 330764608 330764593 330764586 330764574 330764562 330764557 330764542
330764637: 37.8156027 -107.6594844 939.141 330764626 330764615 330764608 330764609 330764618 330764623 330764636
330764615: 37.8161048 -107.6629069 327.823 330764626
330764635: 37.8152361 -107.6597821 923.1899999999999 330764626 330764615 330764608 330764609 330764618 330764623 330764636
330764561: 37.8108096 -107.6651412 1091.3010000000002 330764626 330764615 330764608 330764609 330764594 330764587 330764575
330764593: 37.8138228 -107.6637223 656.889 330764626 330764615 330764608
330764613: 37.8126213 -107.6593879 1147.672 330764626 330764615 330764608 330764609 330764594 330764602 330764599 330764614
330764571: 37.8102946 -107.6642856 1184.718 330764626 330764615 330764608 330764609 330764594 330764587 330764588 330764576
330764581: 37.8106342 -107.6626378 1154.6650000000002 330764626 330764615 330764608 330764609 330764594 330764587 330764588
330098669: 37.8056042 -107.6713351 1922.822 330764626 330764615 330764608 330764609 330764594 330764587 330764575 330764561 330764549 330764543 330764526 330764521 330098685 330098683 330098694
1826005507: 37.8043293 -107.6677159 2039.397 330764626 330764615 330764608 330764609 330764594 330764587 330764575 330764561 330764549 330764543 330764526 330764521 330098685 330098683 330098681 330098706
330764577: 37.8101346 -107.6617791 1248.3490000000002 330764626 330764615 330764608 330764609 330764594 330764587 330764588 330764581
