1826005506: 37.8125684 -107.6687888 668.434 330764547 330764550 330764549 330764557 330764556 330764554
330764640: 37.8156472 -107.6578912 1134.376 330764547 330764550 330764571 330764576 330764588 330764602 330764599 330764614 330764620 330764633
331107624: 37.8037969 -107.6743977 1073.59 330764547 330764530 330764524 330764521 330098685 330098683 330098681 330098680 330098653 330098641
330764554: 37.8114601 -107.6685208 493.191 330764547 330764550 330764549 330764557 330764556
331058144: 37.8181867 -107.6574714 1469.4830000000002 330764547 330764550 330764571 330764576 330764588 330764587 330764594 330764609 330764618 330764623 330764638 331058125
330098706: 37.8046661 -107.6682955 746.203 330764547 330764530 330764524 330764521 330098685 330098683 330098681
330764588: 37.8119708 -107.6627674 460.10799999999995 330764547 330764550 330764571 330764576
330764622: 37.8131405 -107.6580789 1056.238 330764547 330764550 330764571 330764576 330764588 330764602 330764599 330764614 330764613 330764621
330764546: 37.8080865 -107.6649695 92.856 330764547
330764562: 37.8113224 -107.666021 421.45699999999994 330764547 330764550 330764571 330764561
330764632: 37.8140283 -107.6572931 1173.6740000000002 330764547 330764550 330764571 330764576 330764588 330764602 330764599 330764614 330764613 330764621 330764631
330764570: 37.8097882 -107.6634165 325.787 330764547 330764550 330764571
330764618: 37.8150602 -107.6612439 907.9860000000001 330764547 330764550 330764571 330764576 330764588 330764587 330764594 330764609
330098732: 37.8062937 -107.6707095 650.5089999999999 330764547 330764530 330764524 330764521 330764520 330098741
330764602: 37.8128099 -107.6619172 579.6229999999999 330764547 330764550 330764571 330764576 330764588
330764566: 37.8118076 -107.6668819 512.651 330764547 330764550 330764549 330764557 330764556
330764550: 37.809447 -107.6650527 115.056 330764547
330764574: 37.8121361 -107.6652485 530.6479999999999 330764547 330764550 330764571 330764561 330764575
330764572: 37.812651 -107.6661068 625.3219999999999 330764547 330764550 330764571 330764561 330764575 330764574
330764530: 37.807756 -107.666603 117.149 330764547
330764638: 37.8166855 -107.6597526 1131.2340000000002 330764547 330764550 330764571 330764576 330764588 330764587 330764594 330764609 330764618 330764623
330764552: 37.8084351 -107.663328 291.721 330764547 330764546
330764584: 37.8137179 -107.6657607 784.53 330764547 330764550 330764571 330764561 330764575 330764574 330764572 330764585
330764524: 37.8069358 -107.667405 232.397 330764547 330764530
330764576: 37.8111359 -107.6635211 346.07899999999995 330764547 330764550 330764571
3042563270: 37.8101077 -107.6617323 530.098 330764547 330764546 330764552 330764569 330764577
330764606: 37.8151535 -107.6638215 966.9669999999999 330764547 330764550 330764571 330764561 330764575 330764574 330764586 330764593 330764592
330764592: 37.8143313 -107.6645672 854.4979999999999 330764547 330764550 330764571 330764561 330764575 330764574 330764586 330764593
330764594: 37.8133163 -107.6628318 669.106 330764547 330764550 330764571 330764576 330764588 330764587
331058146: 37.8181665 -107.6566922 1537.9650000000001 330764547 330764550 330764571 330764576 330764588 330764587 330764594 330764609 330764618 330764623 330764638 331058125 331058144
1826005504: 37.8111838 -107.6687122 528.677 330764547 330764550 330764549 330764557 330764556 330764554
330098752: 37.8067716 -107.6714618 727.949 330764547 330764530 330764524 330764521 330764520 330098741
330764604: 37.8155688 -107.6643634 1034.0479999999998 330764547 330764550 330764571 330764561 330764575 330764574 330764586 330764593 330764592 330764606
330764644: 37.8160286 -107.656314 1339.07 330764547 330764550 330764571 330764576 330764588 330764602 330764599 330764614 330764620 330764633 330764640 330764641
330764608: 37.8146809 -107.6629016 878.3380000000001 330764547 330764550 330764571 330764576 330764588 330764587 330764594 330764609
330764620: 37.8139881 -107.6594951 902.099 330764547 330764550 330764571 330764576 330764588 330764602 330764599 330764614
330764636: 37.8155794 -107.6604956 1004.4810000000001 330764547 330764550 330764571 330764576 330764588 330764587 330764594 330764609 330764618 330764623
330764586: 37.8129837 -107.6644867 646.2389999999999 330764547 330764550 330764571 330764561 330764575 330764574
330764612: 37.8122441 -107.6587736 951.0 330764547 330764550 330764571 330764576 330764588 330764602 330764599 330764614 330764613
330764556: 37.810977 -107.6676383 398.873 330764547 330764550 330764549 330764557
330098680: 37.8055774 -107.6699879 582.291 330764547 330764530 330764524 330764521 330098685 330098683 330098681
330764598: 37.8117991 -107.6601952 768.095 330764547 330764550 330764571 330764576 330764588 330764602 330764599
1356606892: 37.8055113 -107.6712321 706.5709999999999 330764547 330764530 330764524 330764521 330098685 330098683 330098694 330098669
330098694: 37.8056156 -107.6703259 603.384 330764547 330764530 330764524 330764521 330098685 330098683
2084019368: 37.8114968 -107.6570223 1077.026 330764547 330764550 330764571 330764576 330764588 330764602 330764599 330764598
330764526: 37.8082709 -107.6675015 214.662 330764547 330764530
330764542: 37.8096228 -107.6675632 191.95100000000002 330764547 330764543
330764520: 37.8079382 -107.6691538 422.216 330764547 330764530 330764524 330764521
330764614: 37.8131426 -107.6602623 786.423 330764547 330764550 330764571 330764576 330764588 330764602 330764599
330764634: 37.8153336 -107.6596936 1091.208 330764547 330764550 330764571 330764576 330764588 330764587 330764594 330764609 330764618 330764623 330764636 330764635
330764626: 37.8187672 -107.6622713 1415.6370000000002 330764547 330764550 330764571 330764576 330764588 330764587 330764594 330764609 330764608 330764615
330098653: 37.8044754 -107.6709965 733.51 330764547 330764530 330764524 330764521 330098685 330098683 330098681 330098680
330764587: 37.8124751 -107.6636123 553.131 330764547 330764550 330764571 330764576 330764588
3042563877: 37.8088158 -107.6617505 494.144 330764547 330764546 330764552 330764569
330764639: 37.8159925 -107.6585 1190.5450000000003 330764547 330764550 330764571 330764576 330764588 330764587 330764594 330764609 330764618 330764623 330764636 330764637
330764619: 37.8145559 -107.6603964 1001.1890000000001 330764547 330764550 330764571 330764576 330764588 330764587 330764594 330764609 330764618
330764547: 37.8085993 -107.6658037 0.0 
330764573: 37.812812 -107.6663857 655.6659999999999 330764547 330764550 330764571 330764561 330764575 330764574 330764572
330764569: 37.8092732 -107.6625555 407.034 330764547 330764546 330764552
330764643: 37.8165647 -107.6571214 1327.4520000000002 330764547 330764550 330764571 330764576 330764588 330764587 330764594 330764609 330764618 330764623 330764636 330764637 330764639
330098681: 37.8057088 -107.6698619 563.96 330764547 330764530 330764524 330764521 330098685 330098683
330098741: 37.8070608 -107.6699879 544.233 330764547 330764530 330764524 330764521 330764520
330764543: 37.8091249 -107.666713 98.979 330764547
2042183279: 37.8058594 -107.6657771 421.226 330764547 330764530 330764524
331058125: 37.8180967 -107.6583566 1391.074 330764547 330764550 330764571 330764576 330764588 330764587 330764594 330764609 330764618 330764623 330764638
330098685: 37.8065591 -107.6690796 447.071 330764547 330764530 330764524 330764521
330764551: 37.808932 -107.6641836 209.5 330764547 330764546
330764599: 37.8123267 -107.6610804 670.683 330764547 330764550 330764571 330764576 330764588 330764602
330764521: 37.8074359 -107.6682606 325.899 330764547 330764530 330764524
330764609: 37.814166 -107.6620647 785.157 330764547 330764550 330764571 330764576 330764588 330764587 330764594
330764641: 37.8151704 -107.6571294 1219.752 330764547 330764550 330764571 330764576 330764588 330764602 330764599 330764614 330764620 330764633 330764640
330764557: 37.8104726 -107.6667961 306.031 330764547 330764550 330764549
330764621: 37.8134541 -107.6586234 997.0450000000001 330764547 330764550 330764571 330764576 330764588 330764602 330764599 330764614 330764613
330764519: 37.8084171 -107.6699987 513.569 330764547 330764530 330764524 330764521 330764520
330764607: 37.8151958 -107.6637813 972.8489999999998 330764547 330764550 330764571 330764561 330764575 330764574 330764586 330764593 330764592 330764606
330764633: 37.8148398 -107.6587307 1018.193 330764547 330764550 330764571 330764576 330764588 330764602 330764599 330764614 330764620
330098683: 37.8058212 -107.6697573 548.447 330764547 330764530 330764524 330764521 330098685
330764623: 37.8156111 -107.6607156 984.8370000000001 330764547 330764550 330764571 330764576 330764588 330764587 330764594 330764609 330764618
330098703: 37.8031064 -107.6695588 954.798 330764547 330764530 330764524 330764521 330098685 330098683 330098681 330098706
330764591: 37.8146344 -107.6650835 911.0369999999999 330764547 330764550 330764571 330764561 330764575 330764574 330764586 330764593 330764592
330764603: 37.8110377 -107.6608244 869.205 330764547 330764550 330764571 330764576 330764588 330764602 330764599 330764598
2042183459: 37.8059188 -107.6700764 720.0639999999999 330764547 330764530 330764524 330764521 330764520 330098741 330098732
330764631: 37.8143249 -107.6578188 1116.9260000000002 330764547 330764550 330764571 330764576 330764588 330764602 330764599 330764614 330764613 330764621
330764585: 37.813488 -107.665345 739.954 330764547 330764550 330764571 330764561 330764575 330764574 330764572
330764549: 37.8099492 -107.6659351 210.594 330764547 330764550
330098641: 37.8040903 -107.6714193 790.2529999999999 330764547 330764530 330764524 330764521 330098685 330098683 330098681 330098680 330098653
330764575: 37.8116381 -107.6644036 438.0419999999999 330764547 330764550 330764571 330764561
330764525: 37.8087682 -107.6683713 308.98400000000004 330764547 330764530 330764526
330764637: 37.8156027 -107.6594844 1093.8180000000002 330764547 330764550 330764571 330764576 330764588 330764587 330764594 330764609 330764618 330764623 330764636
330764615: 37.8161048 -107.6629069 1087.814 330764547 330764550 330764571 330764576 330764588 330764587 330764594 330764609 330764608
330764635: 37.8152361 -107.6597821 1077.8670000000002 330764547 330764550 330764571 330764576 330764588 330764587 330764594 330764609 330764618 330764623 330764636
330764561: 37.8108096 -107.6651412 325.41099999999994 330764547 330764550 330764571
330764593: 37.8138228 -107.6637223 761.194 330764547 330764550 330764571 330764561 330764575 330764574 330764586
330764613: 37.8126213 -107.6593879 882.653 330764547 330764550 330764571 330764576 330764588 330764602 330764599 330764614
330764571: 37.8102946 -107.6642856 230.91899999999998 330764547 330764550
330764581: 37.8106342 -107.6626378 441.64799999999997 330764547 330764550 330764571 330764576
330098669: 37.8056042 -107.6713351 692.838 330764547 330764530 330764524 330764521 330098685 330098683 330098694
1826005507: 37.8043293 -107.6677159 809.413 330764547 330764530 330764524 330764521 330098685 330098683 330098681 330098706
330764577: 37.8101346 -107.6617791 525.014 330764547 330764546 330764552 330764569
