1826005506: 37.8125684 -107.6687888 772.836 330764576 330764575 330764574 330764562 330764566 330764554
330764640: 37.8156472 -107.6578912 788.297 330764576 330764588 330764602 330764599 330764614 330764620 330764633
331107624: 37.8037969 -107.6743977 1419.6689999999999 330764576 330764571 330764550 330764547 330764530 330764524 330764521 330098685 330098683 330098681 330098680 330098653 330098641
330764554: 37.8114601 -107.6685208 597.593 330764576 330764575 330764574 330764562 330764566
331058144: 37.8181867 -107.6574714 1123.404 330764576 330764588 330764587 330764594 330764609 330764618 330764623 330764638 331058125
330098706: 37.8046661 -107.6682955 1092.282 330764576 330764571 330764550 330764547 330764530 330764524 330764521 330098685 330098683 330098681
330764588: 37.8119708 -107.6627674 114.029 330764576
330764622: 37.8131405 -107.6580789 710.1589999999999 330764576 330764588 330764602 330764599 330764614 330764613 330764621
330764546: 37.8080865 -107.6649695 438.935 330764576 330764571 330764550 330764547
330764562: 37.8113224 -107.666021 301.25 330764576 330764575 330764574
330764632: 37.8140283 -107.6572931 827.5949999999999 330764576 330764588 330764602 330764599 330764614 330764613 330764621 330764631
330764570: 37.8097882 -107.6634165 210.028 330764576 330764571
330764618: 37.8150602 -107.6612439 561.9069999999999 330764576 330764588 330764587 330764594 330764609
330098732: 37.8062937 -107.6707095 995.773 330764576 330764575 330764574 330764562 330764557 330764542 330764525 330764520 330098741
330764602: 37.8128099 -107.6619172 233.54399999999998 330764576 330764588
330764566: 37.8118076 -107.6668819 394.15 330764576 330764575 330764574 330764562
330764550: 37.809447 -107.6650527 231.023 330764576 330764571
330764574: 37.8121361 -107.6652485 188.149 330764576 330764575
330764572: 37.812651 -107.6661068 282.823 330764576 330764575 330764574
330764530: 37.807756 -107.666603 463.228 330764576 330764571 330764550 330764547
330764638: 37.8166855 -107.6597526 785.155 330764576 330764588 330764587 330764594 330764609 330764618 330764623
330764552: 37.8084351 -107.663328 419.76 330764576 330764571 330764550 330764551
330764584: 37.8137179 -107.6657607 440.97900000000004 330764576 330764588 330764587 330764586 330764585
330764524: 37.8069358 -107.667405 578.476 330764576 330764571 330764550 330764547 330764530
330764576: 37.8111359 -107.6635211 0.0 
3042563270: 37.8101077 -107.6617323 194.337 330764576 330764581 330764577
330764606: 37.8151535 -107.6638215 623.1659999999999 330764576 330764588 330764587 330764586 330764593 330764592
330764592: 37.8143313 -107.6645672 510.697 330764576 330764588 330764587 330764586 330764593
330764594: 37.8133163 -107.6628318 323.027 330764576 330764588 330764587
331058146: 37.8181665 -107.6566922 1191.886 330764576 330764588 330764587 330764594 330764609 330764618 330764623 330764638 331058125 331058144
1826005504: 37.8111838 -107.6687122 633.079 330764576 330764575 330764574 330764562 330764566 330764554
330098752: 37.8067716 -107.6714618 1073.2130000000002 330764576 330764575 330764574 330764562 330764557 330764542 330764525 330764520 330098741
330764604: 37.8155688 -107.6643634 690.247 330764576 330764588 330764587 330764586 330764593 330764592 330764606
330764644: 37.8160286 -107.656314 992.991 330764576 330764588 330764602 330764599 330764614 330764620 330764633 330764640 330764641
330764608: 37.8146809 -107.6629016 532.259 330764576 330764588 330764587 330764594 330764609
330764620: 37.8139881 -107.6594951 556.02 330764576 330764588 330764602 330764599 330764614
330764636: 37.8155794 -107.6604956 658.4019999999999 330764576 330764588 330764587 330764594 330764609 330764618 330764623
330764586: 37.8129837 -107.6644867 302.438 330764576 330764588 330764587
330764612: 37.8122441 -107.6587736 604.9209999999999 330764576 330764588 330764602 330764599 330764614 330764613
330764556: 37.810977 -107.6676383 507.928 330764576 330764575 330764574 330764562 330764566
330098680: 37.8055774 -107.6699879 928.37 330764576 330764571 330764550 330764547 330764530 330764524 330764521 330098685 330098683 330098681
330764598: 37.8117991 -107.6601952 422.01599999999996 330764576 330764588 330764602 330764599
1356606892: 37.8055113 -107.6712321 1052.6499999999999 330764576 330764571 330764550 330764547 330764530 330764524 330764521 330098685 330098683 330098694 330098669
330098694: 37.8056156 -107.6703259 949.463 330764576 330764571 330764550 330764547 330764530 330764524 330764521 330098685 330098683
2084019368: 37.8114968 -107.6570223 730.9469999999999 330764576 330764588 330764602 330764599 330764598
330764526: 37.8082709 -107.6675015 558.432 330764576 330764571 330764550 330764549 330764543
330764542: 37.8096228 -107.6675632 533.783 330764576 330764575 330764574 330764562 330764557
330764520: 37.8079382 -107.6691538 767.48 330764576 330764575 330764574 330764562 330764557 330764542 330764525
330764614: 37.8131426 -107.6602623 440.344 330764576 330764588 330764602 330764599
330764634: 37.8153336 -107.6596936 745.1289999999999 330764576 330764588 330764587 330764594 330764609 330764618 330764623 330764636 330764635
330764626: 37.8187672 -107.6622713 1069.558 330764576 330764588 330764587 330764594 330764609 330764608 330764615
330098653: 37.8044754 -107.6709965 1079.589 330764576 330764571 330764550 330764547 330764530 330764524 330764521 330098685 330098683 330098681 330098680
330764587: 37.8124751 -107.6636123 207.052 330764576 330764588
3042563877: 37.8088158 -107.6617505 392.009 330764576 330764571 330764570 330764569
330764639: 37.8159925 -107.6585 844.4659999999999 330764576 330764588 330764587 330764594 330764609 330764618 330764623 330764636 330764637
330764619: 37.8145559 -107.6603964 655.1099999999999 330764576 330764588 330764587 330764594 330764609 330764618
330764547: 37.8085993 -107.6658037 346.079 330764576 330764571 330764550
330764573: 37.812812 -107.6663857 313.167 330764576 330764575 330764574 330764572
330764569: 37.8092732 -107.6625555 304.899 330764576 330764571 330764570
330764643: 37.8165647 -107.6571214 981.3729999999999 330764576 330764588 330764587 330764594 330764609 330764618 330764623 330764636 330764637 330764639
330098681: 37.8057088 -107.6698619 910.039 330764576 330764571 330764550 330764547 330764530 330764524 330764521 330098685 330098683
330098741: 37.8070608 -107.6699879 889.4970000000001 330764576 330764575 330764574 330764562 330764557 330764542 330764525 330764520
330764543: 37.8091249 -107.666713 440.89099999999996 330764576 330764571 330764550 330764549
2042183279: 37.8058594 -107.6657771 767.305 330764576 330764571 330764550 330764547 330764530 330764524
331058125: 37.8180967 -107.6583566 1044.995 330764576 330764588 330764587 330764594 330764609 330764618 330764623 330764638
330098685: 37.8065591 -107.6690796 793.15 330764576 330764571 330764550 330764547 330764530 330764524 330764521
330764551: 37.808932 -107.6641836 326.46299999999997 330764576 330764571 330764550
330764599: 37.8123267 -107.6610804 324.604 330764576 330764588 330764602
330764521: 37.8074359 -107.6682606 671.978 330764576 330764571 330764550 330764547 330764530 330764524
330764609: 37.814166 -107.6620647 439.078 330764576 330764588 330764587 330764594
330764641: 37.8151704 -107.6571294 873.673 330764576 330764588 330764602 330764599 330764614 330764620 330764633 330764640
330764557: 37.8104726 -107.6667961 417.721 330764576 330764575 330764574 330764562
330764621: 37.8134541 -107.6586234 650.9659999999999 330764576 330764588 330764602 330764599 330764614 330764613
330764519: 37.8084171 -107.6699987 858.8330000000001 330764576 330764575 330764574 330764562 330764557 330764542 330764525 330764520
330764607: 37.8151958 -107.6637813 628.434 330764576 330764588 330764587 330764594 330764609 330764608
330764633: 37.8148398 -107.6587307 672.114 330764576 330764588 330764602 330764599 330764614 330764620
330098683: 37.8058212 -107.6697573 894.526 330764576 330764571 330764550 330764547 330764530 330764524 330764521 330098685
330764623: 37.8156111 -107.6607156 638.7579999999999 330764576 330764588 330764587 330764594 330764609 330764618
330098703: 37.8031064 -107.6695588 1300.877 330764576 330764571 330764550 330764547 330764530 330764524 330764521 330098685 330098683 330098681 330098706
330764591: 37.8146344 -107.6650835 567.236 330764576 330764588 330764587 330764586 330764593 330764592
330764603: 37.8110377 -107.6608244 523.126 330764576 330764588 330764602 330764599 330764598
2042183459: 37.8059188 -107.6700764 1065.328 330764576 330764575 330764574 330764562 330764557 330764542 330764525 330764520 330098741 330098732
330764631: 37.8143249 -107.6578188 770.8469999999999 330764576 330764588 330764602 330764599 330764614 330764613 330764621
330764585: 37.813488 -107.665345 396.403 330764576 330764588 330764587 330764586
330764549: 37.8099492 -107.6659351 326.561 330764576 330764571 330764550
330098641: 37.8040903 -107.6714193 1136.3319999999999 330764576 330764571 330764550 330764547 330764530 330764524 330764521 330098685 330098683 330098681 330098680 330098653
330764575: 37.8116381 -107.6644036 95.54299999999999 330764576
330764525: 37.8087682 -107.6683713 652.4 330764576 330764575 330764574 330764562 330764557 330764542
330764637: 37.8156027 -107.6594844 747.7389999999999 330764576 330764588 330764587 330764594 330764609 330764618 330764623 330764636
330764615: 37.8161048 -107.6629069 741.735 330764576 330764588 330764587 330764594 330764609 330764608
330764635: 37.8152361 -107.6597821 731.7879999999999 330764576 330764588 330764587 330764594 330764609 330764618 330764623 330764636
330764561: 37.8108096 -107.6651412 208.17399999999998 330764576 330764575
330764593: 37.8138228 -107.6637223 417.393 330764576 330764588 330764587 330764586
330764613: 37.8126213 -107.6593879 536.574 330764576 330764588 330764602 330764599 330764614
330764571: 37.8102946 -107.6642856 115.16 330764576
330764581: 37.8106342 -107.6626378 95.569 330764576
330098669: 37.8056042 -107.6713351 1038.917 330764576 330764571 330764550 330764547 330764530 330764524 330764521 330098685 330098683 330098694
1826005507: 37.8043293 -107.6677159 1155.492 330764576 330764571 330764550 330764547 330764530 330764524 330764521 330098685 330098683 330098681 330098706
330764577: 37.8101346 -107.6617791 189.253 330764576 330764581
