1826005506: 37.8125684 -107.6687888 1582.081 330764641 330764640 330764639 330764637 330764636 330764623 330764618 330764609 330764594 330764587 330764575 330764574 330764562 330764566 330764554
330764640: 37.8156472 -107.6578912 85.376 330764641
331107624: 37.8037969 -107.6743977 2229.692 330764641 330764640 330764639 330764637 330764636 330764623 330764618 330764609 330764594 330764587 330764575 330764561 330764549 330764543 330764526 330764521 330098685 330098683 330098681 330098680 330098653 330098641
330764554: 37.8114601 -107.6685208 1406.838 330764641 330764640 330764639 330764637 330764636 330764623 330764618 330764609 330764594 330764587 330764575 330764574 330764562 330764566
331058144: 37.8181867 -107.6574714 623.789 330764641 330764640 330764639 330764638 331058125
330098706: 37.8046661 -107.6682955 1902.3049999999998 330764641 330764640 330764639 330764637 330764636 330764623 330764618 330764609 330764594 330764587 330764575 330764561 330764549 330764543 330764526 330764521 330098685 330098683 330098681
330764588: 37.8119708 -107.6627674 759.6439999999999 330764641 330764640 330764633 330764620 330764614 330764599 330764602
330764622: 37.8131405 -107.6580789 290.906 330764641 330764631 330764621
330764546: 37.8080865 -107.6649695 1308.4009999999998 330764641 330764640 330764633 330764620 330764614 330764599 330764602 330764588 330764581 330764570 330764551
330764562: 37.8113224 -107.666021 1110.495 330764641 330764640 330764639 330764637 330764636 330764623 330764618 330764609 330764594 330764587 330764575 330764574
330764632: 37.8140283 -107.6572931 168.57999999999998 330764641 330764631
330764570: 37.8097882 -107.6634165 1075.1149999999998 330764641 330764640 330764633 330764620 330764614 330764599 330764602 330764588 330764581
330764618: 37.8150602 -107.6612439 433.769 330764641 330764640 330764639 330764637 330764636 330764623
330098732: 37.8062937 -107.6707095 1805.0179999999998 330764641 330764640 330764639 330764637 330764636 330764623 330764618 330764609 330764594 330764587 330764575 330764574 330764562 330764557 330764542 330764525 330764520 330098741
330764602: 37.8128099 -107.6619172 640.1289999999999 330764641 330764640 330764633 330764620 330764614 330764599
330764566: 37.8118076 -107.6668819 1203.395 330764641 330764640 330764639 330764637 330764636 330764623 330764618 330764609 330764594 330764587 330764575 330764574 330764562
330764550: 37.809447 -107.6650527 1104.696 330764641 330764640 330764633 330764620 330764614 330764599 330764602 330764588 330764576 330764571
330764574: 37.8121361 -107.6652485 997.394 330764641 330764640 330764639 330764637 330764636 330764623 330764618 330764609 330764594 330764587 330764575
330764572: 37.812651 -107.6661068 1092.068 330764641 330764640 330764639 330764637 330764636 330764623 330764618 330764609 330764594 330764587 330764575 330764574
330764530: 37.807756 -107.666603 1336.9009999999998 330764641 330764640 330764633 330764620 330764614 330764599 330764602 330764588 330764576 330764571 330764550 330764547
330764638: 37.8166855 -107.6597526 285.54 330764641 330764640 330764639
330764552: 37.8084351 -107.663328 1285.0539999999999 330764641 330764640 330764633 330764620 330764614 330764599 330764602 330764588 330764581 330764570 330764551
330764584: 37.8137179 -107.6657607 1022.5360000000001 330764641 330764640 330764639 330764637 330764636 330764623 330764618 330764609 330764594 330764593 330764586 330764585
330764524: 37.8069358 -107.667405 1452.149 330764641 330764640 330764633 330764620 330764614 330764599 330764602 330764588 330764576 330764571 330764550 330764547 330764530
330764576: 37.8111359 -107.6635211 873.6729999999999 330764641 330764640 330764633 330764620 330764614 330764599 330764602 330764588
3042563270: 37.8101077 -107.6617323 1057.548 330764641 330764640 330764633 330764620 330764614 330764599 330764602 330764588 330764581 330764577
330764606: 37.8151535 -107.6638215 751.8359999999999 330764641 330764640 330764639 330764637 330764636 330764623 330764618 330764609 330764608 330764607
330764592: 37.8143313 -107.6645672 862.3439999999999 330764641 330764640 330764639 330764637 330764636 330764623 330764618 330764609 330764594 330764593
330764594: 37.8133163 -107.6628318 672.649 330764641 330764640 330764639 330764637 330764636 330764623 330764618 330764609
331058146: 37.8181665 -107.6566922 692.271 330764641 330764640 330764639 330764638 331058125 331058144
1826005504: 37.8111838 -107.6687122 1442.324 330764641 330764640 330764639 330764637 330764636 330764623 330764618 330764609 330764594 330764587 330764575 330764574 330764562 330764566 330764554
330098752: 37.8067716 -107.6714618 1882.4579999999996 330764641 330764640 330764639 330764637 330764636 330764623 330764618 330764609 330764594 330764587 330764575 330764574 330764562 330764557 330764542 330764525 330764520 330098741
330764604: 37.8155688 -107.6643634 818.9169999999999 330764641 330764640 330764639 330764637 330764636 330764623 330764618 330764609 330764608 330764607 330764606
330764644: 37.8160286 -107.656314 119.318 330764641
330764608: 37.8146809 -107.6629016 649.779 330764641 330764640 330764639 330764637 330764636 330764623 330764618 330764609
330764620: 37.8139881 -107.6594951 317.653 330764641 330764640 330764633
330764636: 37.8155794 -107.6604956 337.274 330764641 330764640 330764639 330764637
330764586: 37.8129837 -107.6644867 883.995 330764641 330764640 330764639 330764637 330764636 330764623 330764618 330764609 330764594 330764593
330764612: 37.8122441 -107.6587736 414.452 330764641 330764631 330764621 330764613
330764556: 37.810977 -107.6676383 1317.173 330764641 330764640 330764639 330764637 330764636 330764623 330764618 330764609 330764594 330764587 330764575 330764574 330764562 330764566
330098680: 37.8055774 -107.6699879 1738.3929999999998 330764641 330764640 330764639 330764637 330764636 330764623 330764618 330764609 330764594 330764587 330764575 330764561 330764549 330764543 330764526 330764521 330098685 330098683 330098681
330764598: 37.8117991 -107.6601952 461.81100000000004 330764641 330764631 330764621 330764613
1356606892: 37.8055113 -107.6712321 1862.6729999999998 330764641 330764640 330764639 330764637 330764636 330764623 330764618 330764609 330764594 330764587 330764575 330764561 330764549 330764543 330764526 330764521 330098685 330098683 330098694 330098669
330098694: 37.8056156 -107.6703259 1759.4859999999999 330764641 330764640 330764639 330764637 330764636 330764623 330764618 330764609 330764594 330764587 330764575 330764561 330764549 330764543 330764526 330764521 330098685 330098683
2084019368: 37.8114968 -107.6570223 770.742 330764641 330764631 330764621 330764613 330764598
330764526: 37.8082709 -107.6675015 1367.685 330764641 330764640 330764639 330764637 330764636 330764623 330764618 330764609 330764594 330764587 330764575 330764561 330764549 330764543
330764542: 37.8096228 -107.6675632 1343.0279999999998 330764641 330764640 330764639 330764637 330764636 330764623 330764618 330764609 330764594 330764587 330764575 330764574 330764562 330764557
330764520: 37.8079382 -107.6691538 1576.7249999999997 330764641 330764640 330764639 330764637 330764636 330764623 330764618 330764609 330764594 330764587 330764575 330764574 330764562 330764557 330764542 330764525
330764614: 37.8131426 -107.6602623 433.329 330764641 330764640 330764633 330764620
330764634: 37.8153336 -107.6596936 283.052 330764641 330764640 330764639 330764637
330764626: 37.8187672 -107.6622713 1187.078 330764641 330764640 330764639 330764637 330764636 330764623 330764618 330764609 330764608 330764615
330098653: 37.8044754 -107.6709965 1889.6119999999999 330764641 330764640 330764639 330764637 330764636 330764623 330764618 330764609 330764594 330764587 330764575 330764561 330764549 330764543 330764526 330764521 330098685 330098683 330098681 330098680
330764587: 37.8124751 -107.6636123 788.624 330764641 330764640 330764639 330764637 330764636 330764623 330764618 330764609 330764594
3042563877: 37.8088158 -107.6617505 1257.0959999999998 330764641 330764640 330764633 330764620 330764614 330764599 330764602 330764588 330764581 330764570 330764569
330764639: 37.8159925 -107.6585 151.21 330764641 330764640
330764619: 37.8145559 -107.6603964 389.30500000000006 330764641 330764640 330764639 330764637 330764634 330764635
330764547: 37.8085993 -107.6658037 1219.752 330764641 330764640 330764633 330764620 330764614 330764599 330764602 330764588 330764576 330764571 330764550
330764573: 37.812812 -107.6663857 1122.412 330764641 330764640 330764639 330764637 330764636 330764623 330764618 330764609 330764594 330764587 330764575 330764574 330764572
330764569: 37.8092732 -107.6625555 1169.9859999999999 330764641 330764640 330764633 330764620 330764614 330764599 330764602 330764588 330764581 330764570
330764643: 37.8165647 -107.6571214 211.966 330764641 330764644
330098681: 37.8057088 -107.6698619 1720.062 330764641 330764640 330764639 330764637 330764636 330764623 330764618 330764609 330764594 330764587 330764575 330764561 330764549 330764543 330764526 330764521 330098685 330098683
330098741: 37.8070608 -107.6699879 1698.7419999999997 330764641 330764640 330764639 330764637 330764636 330764623 330764618 330764609 330764594 330764587 330764575 330764574 330764562 330764557 330764542 330764525 330764520
330764543: 37.8091249 -107.666713 1250.144 330764641 330764640 330764639 330764637 330764636 330764623 330764618 330764609 330764594 330764587 330764575 330764561 330764549
2042183279: 37.8058594 -107.6657771 1640.9779999999998 330764641 330764640 330764633 330764620 330764614 330764599 330764602 330764588 330764576 330764571 330764550 330764547 330764530 330764524
331058125: 37.8180967 -107.6583566 545.38 330764641 330764640 330764639 330764638
330098685: 37.8065591 -107.6690796 1603.173 330764641 330764640 330764639 330764637 330764636 330764623 330764618 330764609 330764594 330764587 330764575 330764561 330764549 330764543 330764526 330764521
330764551: 37.808932 -107.6641836 1191.7569999999998 330764641 330764640 330764633 330764620 330764614 330764599 330764602 330764588 330764581 330764570
330764599: 37.8123267 -107.6610804 549.069 330764641 330764640 330764633 330764620 330764614
330764521: 37.8074359 -107.6682606 1482.001 330764641 330764640 330764639 330764637 330764636 330764623 330764618 330764609 330764594 330764587 330764575 330764561 330764549 330764543 330764526
330764609: 37.814166 -107.6620647 556.598 330764641 330764640 330764639 330764637 330764636 330764623 330764618
330764641: 37.8151704 -107.6571294 0.0 
330764557: 37.8104726 -107.6667961 1226.966 330764641 330764640 330764639 330764637 330764636 330764623 330764618 330764609 330764594 330764587 330764575 330764574 330764562
330764621: 37.8134541 -107.6586234 231.713 330764641 330764631
330764519: 37.8084171 -107.6699987 1668.0779999999997 330764641 330764640 330764639 330764637 330764636 330764623 330764618 330764609 330764594 330764587 330764575 330764574 330764562 330764557 330764542 330764525 330764520
330764607: 37.8151958 -107.6637813 745.954 330764641 330764640 330764639 330764637 330764636 330764623 330764618 330764609 330764608
330764633: 37.8148398 -107.6587307 201.55900000000003 330764641 330764640
330098683: 37.8058212 -107.6697573 1704.549 330764641 330764640 330764639 330764637 330764636 330764623 330764618 330764609 330764594 330764587 330764575 330764561 330764549 330764543 330764526 330764521 330098685
330764623: 37.8156111 -107.6607156 356.918 330764641 330764640 330764639 330764637 330764636
330098703: 37.8031064 -107.6695588 2110.8999999999996 330764641 330764640 330764639 330764637 330764636 330764623 330764618 330764609 330764594 330764587 330764575 330764561 330764549 330764543 330764526 330764521 330098685 330098683 330098681 330098706
330764591: 37.8146344 -107.6650835 918.8829999999999 330764641 330764640 330764639 330764637 330764636 330764623 330764618 330764609 330764594 330764593 330764592
330764603: 37.8110377 -107.6608244 562.921 330764641 330764631 330764621 330764613 330764598
2042183459: 37.8059188 -107.6700764 1874.5729999999999 330764641 330764640 330764639 330764637 330764636 330764623 330764618 330764609 330764594 330764587 330764575 330764574 330764562 330764557 330764542 330764525 330764520 330098741 330098732
330764631: 37.8143249 -107.6578188 111.832 330764641
330764585: 37.813488 -107.665345 977.96 330764641 330764640 330764639 330764637 330764636 330764623 330764618 330764609 330764594 330764593 330764586
330764549: 37.8099492 -107.6659351 1135.814 330764641 330764640 330764639 330764637 330764636 330764623 330764618 330764609 330764594 330764587 330764575 330764561
330098641: 37.8040903 -107.6714193 1946.3549999999998 330764641 330764640 330764639 330764637 330764636 330764623 330764618 330764609 330764594 330764587 330764575 330764561 330764549 330764543 330764526 330764521 330098685 330098683 330098681 330098680 330098653
330764575: 37.8116381 -107.6644036 904.788 330764641 330764640 330764639 330764637 330764636 330764623 330764618 330764609 330764594 330764587
330764525: 37.8087682 -107.6683713 1461.6449999999998 330764641 330764640 330764639 330764637 330764636 330764623 330764618 330764609 330764594 330764587 330764575 330764574 330764562 330764557 330764542
330764637: 37.8156027 -107.6594844 247.937 330764641 330764640 330764639
330764615: 37.8161048 -107.6629069 859.255 330764641 330764640 330764639 330764637 330764636 330764623 330764618 330764609 330764608
330764635: 37.8152361 -107.6597821 296.39300000000003 330764641 330764640 330764639 330764637 330764634
330764561: 37.8108096 -107.6651412 1017.419 330764641 330764640 330764639 330764637 330764636 330764623 330764618 330764609 330764594 330764587 330764575
330764593: 37.8138228 -107.6637223 769.04 330764641 330764640 330764639 330764637 330764636 330764623 330764618 330764609 330764594
330764613: 37.8126213 -107.6593879 346.105 330764641 330764631 330764621
330764571: 37.8102946 -107.6642856 988.8329999999999 330764641 330764640 330764633 330764620 330764614 330764599 330764602 330764588 330764576
330764581: 37.8106342 -107.6626378 958.7799999999999 330764641 330764640 330764633 330764620 330764614 330764599 330764602 330764588
330098669: 37.8056042 -107.6713351 1848.9399999999998 330764641 330764640 330764639 330764637 330764636 330764623 330764618 330764609 330764594 330764587 330764575 330764561 330764549 330764543 330764526 330764521 330098685 330098683 330098694
1826005507: 37.8043293 -107.6677159 1965.5149999999999 330764641 330764640 330764639 330764637 330764636 330764623 330764618 330764609 330764594 330764587 330764575 330764561 330764549 330764543 330764526 330764521 330098685 330098683 330098681 330098706
330764577: 37.8101346 -107.6617791 1052.464 330764641 330764640 330764633 330764620 330764614 330764599 330764602 330764588 330764581
