1826005506: 37.8125684 -107.6687888 1025.483 330764609 330764594 330764587 330764575 330764574 330764562 330764566 330764554
330764640: 37.8156472 -107.6578912 471.22200000000004 330764609 330764618 330764623 330764636 330764637 330764639
331107624: 37.8037969 -107.6743977 1673.0939999999998 330764609 330764594 330764587 330764575 330764561 330764549 330764543 330764526 330764521 330098685 330098683 330098681 330098680 330098653 330098641
330764554: 37.8114601 -107.6685208 850.2399999999999 330764609 330764594 330764587 330764575 330764574 330764562 330764566
331058144: 37.8181867 -107.6574714 684.3259999999999 330764609 330764618 330764623 330764638 331058125
330098706: 37.8046661 -107.6682955 1345.7069999999999 330764609 330764594 330764587 330764575 330764561 330764549 330764543 330764526 330764521 330098685 330098683 330098681
330764588: 37.8119708 -107.6627674 325.049 330764609 330764594 330764587
330764622: 37.8131405 -107.6580789 473.39 330764609 330764618 330764619 330764620 330764621
330764546: 37.8080865 -107.6649695 873.806 330764609 330764594 330764587 330764588 330764581 330764570 330764551
330764562: 37.8113224 -107.666021 553.8969999999999 330764609 330764594 330764587 330764575 330764574
330764632: 37.8140283 -107.6572931 590.826 330764609 330764618 330764619 330764620 330764621 330764631
330764570: 37.8097882 -107.6634165 640.52 330764609 330764594 330764587 330764588 330764581
330764618: 37.8150602 -107.6612439 122.82900000000001 330764609
330098732: 37.8062937 -107.6707095 1248.42 330764609 330764594 330764587 330764575 330764574 330764562 330764557 330764542 330764525 330764520 330098741
330764602: 37.8128099 -107.6619172 214.162 330764609 330764594
330764566: 37.8118076 -107.6668819 646.7969999999999 330764609 330764594 330764587 330764575 330764574 330764562
330764550: 37.809447 -107.6650527 670.1009999999999 330764609 330764594 330764587 330764588 330764576 330764571
330764574: 37.8121361 -107.6652485 440.796 330764609 330764594 330764587 330764575
330764572: 37.812651 -107.6661068 535.47 330764609 330764594 330764587 330764575 330764574
330764530: 37.807756 -107.666603 902.3059999999999 330764609 330764594 330764587 330764588 330764576 330764571 330764550 330764547
330764638: 37.8166855 -107.6597526 346.077 330764609 330764618 330764623
330764552: 37.8084351 -107.663328 850.4590000000001 330764609 330764594 330764587 330764588 330764581 330764570 330764551
330764584: 37.8137179 -107.6657607 465.938 330764609 330764594 330764593 330764586 330764585
330764524: 37.8069358 -107.667405 1017.554 330764609 330764594 330764587 330764588 330764576 330764571 330764550 330764547 330764530
330764576: 37.8111359 -107.6635211 439.078 330764609 330764594 330764587 330764588
3042563270: 37.8101077 -107.6617323 622.9529999999999 330764609 330764594 330764587 330764588 330764581 330764577
330764606: 37.8151535 -107.6638215 195.238 330764609 330764608 330764607
330764592: 37.8143313 -107.6645672 305.746 330764609 330764594 330764593
330764594: 37.8133163 -107.6628318 116.051 330764609
331058146: 37.8181665 -107.6566922 752.8079999999999 330764609 330764618 330764623 330764638 331058125 331058144
1826005504: 37.8111838 -107.6687122 885.7259999999999 330764609 330764594 330764587 330764575 330764574 330764562 330764566 330764554
330098752: 37.8067716 -107.6714618 1325.8600000000001 330764609 330764594 330764587 330764575 330764574 330764562 330764557 330764542 330764525 330764520 330098741
330764604: 37.8155688 -107.6643634 262.319 330764609 330764608 330764607 330764606
330764644: 37.8160286 -107.656314 634.9430000000001 330764609 330764618 330764623 330764636 330764637 330764639 330764643
330764608: 37.8146809 -107.6629016 93.181 330764609
330764620: 37.8139881 -107.6594951 317.298 330764609 330764618 330764619
330764636: 37.8155794 -107.6604956 219.324 330764609 330764618 330764623
330764586: 37.8129837 -107.6644867 327.397 330764609 330764594 330764593
330764612: 37.8122441 -107.6587736 585.539 330764609 330764594 330764602 330764599 330764614 330764613
330764556: 37.810977 -107.6676383 760.5749999999999 330764609 330764594 330764587 330764575 330764574 330764562 330764566
330098680: 37.8055774 -107.6699879 1181.7949999999998 330764609 330764594 330764587 330764575 330764561 330764549 330764543 330764526 330764521 330098685 330098683 330098681
330764598: 37.8117991 -107.6601952 402.634 330764609 330764594 330764602 330764599
1356606892: 37.8055113 -107.6712321 1306.0749999999998 330764609 330764594 330764587 330764575 330764561 330764549 330764543 330764526 330764521 330098685 330098683 330098694 330098669
330098694: 37.8056156 -107.6703259 1202.888 330764609 330764594 330764587 330764575 330764561 330764549 330764543 330764526 330764521 330098685 330098683
2084019368: 37.8114968 -107.6570223 711.565 330764609 330764594 330764602 330764599 330764598
330764526: 37.8082709 -107.6675015 811.087 330764609 330764594 330764587 330764575 330764561 330764549 330764543
330764542: 37.8096228 -107.6675632 786.43 330764609 330764594 330764587 330764575 330764574 330764562 330764557
330764520: 37.8079382 -107.6691538 1020.127 330764609 330764594 330764587 330764575 330764574 330764562 330764557 330764542 330764525
330764614: 37.8131426 -107.6602623 420.962 330764609 330764594 330764602 330764599
330764634: 37.8153336 -107.6596936 306.05100000000004 330764609 330764618 330764623 330764636 330764635
330764626: 37.8187672 -107.6622713 630.48 330764609 330764608 330764615
330098653: 37.8044754 -107.6709965 1333.014 330764609 330764594 330764587 330764575 330764561 330764549 330764543 330764526 330764521 330098685 330098683 330098681 330098680
330764587: 37.8124751 -107.6636123 232.026 330764609 330764594
3042563877: 37.8088158 -107.6617505 822.501 330764609 330764594 330764587 330764588 330764581 330764570 330764569
330764639: 37.8159925 -107.6585 405.38800000000003 330764609 330764618 330764623 330764636 330764637
330764619: 37.8145559 -107.6603964 216.032 330764609 330764618
330764547: 37.8085993 -107.6658037 785.1569999999999 330764609 330764594 330764587 330764588 330764576 330764571 330764550
330764573: 37.812812 -107.6663857 565.8140000000001 330764609 330764594 330764587 330764575 330764574 330764572
330764569: 37.8092732 -107.6625555 735.391 330764609 330764594 330764587 330764588 330764581 330764570
330764643: 37.8165647 -107.6571214 542.2950000000001 330764609 330764618 330764623 330764636 330764637 330764639
330098681: 37.8057088 -107.6698619 1163.464 330764609 330764594 330764587 330764575 330764561 330764549 330764543 330764526 330764521 330098685 330098683
330098741: 37.8070608 -107.6699879 1142.144 330764609 330764594 330764587 330764575 330764574 330764562 330764557 330764542 330764525 330764520
330764543: 37.8091249 -107.666713 693.546 330764609 330764594 330764587 330764575 330764561 330764549
2042183279: 37.8058594 -107.6657771 1206.383 330764609 330764594 330764587 330764588 330764576 330764571 330764550 330764547 330764530 330764524
331058125: 37.8180967 -107.6583566 605.9169999999999 330764609 330764618 330764623 330764638
330098685: 37.8065591 -107.6690796 1046.575 330764609 330764594 330764587 330764575 330764561 330764549 330764543 330764526 330764521
330764551: 37.808932 -107.6641836 757.162 330764609 330764594 330764587 330764588 330764581 330764570
330764599: 37.8123267 -107.6610804 305.222 330764609 330764594 330764602
330764521: 37.8074359 -107.6682606 925.403 330764609 330764594 330764587 330764575 330764561 330764549 330764543 330764526
330764609: 37.814166 -107.6620647 0.0 
330764641: 37.8151704 -107.6571294 556.5980000000001 330764609 330764618 330764623 330764636 330764637 330764639 330764640
330764557: 37.8104726 -107.6667961 670.3679999999999 330764609 330764594 330764587 330764575 330764574 330764562
330764621: 37.8134541 -107.6586234 414.197 330764609 330764618 330764619 330764620
330764519: 37.8084171 -107.6699987 1111.48 330764609 330764594 330764587 330764575 330764574 330764562 330764557 330764542 330764525 330764520
330764607: 37.8151958 -107.6637813 189.356 330764609 330764608
330764633: 37.8148398 -107.6587307 406.89400000000006 330764609 330764618 330764623 330764636 330764635 330764634
330098683: 37.8058212 -107.6697573 1147.951 330764609 330764594 330764587 330764575 330764561 330764549 330764543 330764526 330764521 330098685
330764623: 37.8156111 -107.6607156 199.68 330764609 330764618
330098703: 37.8031064 -107.6695588 1554.302 330764609 330764594 330764587 330764575 330764561 330764549 330764543 330764526 330764521 330098685 330098683 330098681 330098706
330764591: 37.8146344 -107.6650835 362.28499999999997 330764609 330764594 330764593 330764592
330764603: 37.8110377 -107.6608244 503.744 330764609 330764594 330764602 330764599 330764598
2042183459: 37.8059188 -107.6700764 1317.9750000000001 330764609 330764594 330764587 330764575 330764574 330764562 330764557 330764542 330764525 330764520 330098741 330098732
330764631: 37.8143249 -107.6578188 534.078 330764609 330764618 330764619 330764620 330764621
330764585: 37.813488 -107.665345 421.36199999999997 330764609 330764594 330764593 330764586
330764549: 37.8099492 -107.6659351 579.216 330764609 330764594 330764587 330764575 330764561
330098641: 37.8040903 -107.6714193 1389.7569999999998 330764609 330764594 330764587 330764575 330764561 330764549 330764543 330764526 330764521 330098685 330098683 330098681 330098680 330098653
330764575: 37.8116381 -107.6644036 348.19 330764609 330764594 330764587
330764525: 37.8087682 -107.6683713 905.0469999999999 330764609 330764594 330764587 330764575 330764574 330764562 330764557 330764542
330764637: 37.8156027 -107.6594844 308.661 330764609 330764618 330764623 330764636
330764615: 37.8161048 -107.6629069 302.657 330764609 330764608
330764635: 37.8152361 -107.6597821 292.71000000000004 330764609 330764618 330764623 330764636
330764561: 37.8108096 -107.6651412 460.821 330764609 330764594 330764587 330764575
330764593: 37.8138228 -107.6637223 212.442 330764609 330764594
330764613: 37.8126213 -107.6593879 517.192 330764609 330764594 330764602 330764599 330764614
330764571: 37.8102946 -107.6642856 554.2379999999999 330764609 330764594 330764587 330764588 330764576
330764581: 37.8106342 -107.6626378 524.185 330764609 330764594 330764587 330764588
330098669: 37.8056042 -107.6713351 1292.3419999999999 330764609 330764594 330764587 330764575 330764561 330764549 330764543 330764526 330764521 330098685 330098683 330098694
1826005507: 37.8043293 -107.6677159 1408.917 330764609 330764594 330764587 330764575 330764561 330764549 330764543 330764526 330764521 330098685 330098683 330098681 330098706
330764577: 37.8101346 -107.6617791 617.8689999999999 330764609 330764594 330764587 330764588 330764581
