1826005506: 37.8125684 -107.6687888 700.278 330764586 330764574 330764562 330764566 330764554
330764640: 37.8156472 -107.6578912 798.6189999999999 330764586 330764593 330764594 330764609 330764618 330764623 330764636 330764637 330764639
331107624: 37.8037969 -107.6743977 1533.101 330764586 330764574 330764575 330764561 330764549 330764543 330764526 330764521 330098685 330098683 330098681 330098680 330098653 330098641
330764554: 37.8114601 -107.6685208 525.035 330764586 330764574 330764562 330764566
331058144: 37.8181867 -107.6574714 1011.7229999999998 330764586 330764593 330764594 330764609 330764618 330764623 330764638 331058125
330098706: 37.8046661 -107.6682955 1205.7140000000002 330764586 330764574 330764575 330764561 330764549 330764543 330764526 330764521 330098685 330098683 330098681
330764588: 37.8119708 -107.6627674 188.409 330764586 330764587
330764622: 37.8131405 -107.6580789 784.539 330764586 330764587 330764588 330764602 330764599 330764614 330764613 330764621
330764546: 37.8080865 -107.6649695 737.1659999999999 330764586 330764587 330764588 330764581 330764570 330764551
330764562: 37.8113224 -107.666021 228.692 330764586 330764574
330764632: 37.8140283 -107.6572931 901.975 330764586 330764587 330764588 330764602 330764599 330764614 330764613 330764621 330764631
330764570: 37.8097882 -107.6634165 503.87999999999994 330764586 330764587 330764588 330764581
330764618: 37.8150602 -107.6612439 450.226 330764586 330764593 330764594 330764609
330098732: 37.8062937 -107.6707095 923.215 330764586 330764574 330764562 330764557 330764542 330764525 330764520 330098741
330764602: 37.8128099 -107.6619172 307.924 330764586 330764587 330764588
330764566: 37.8118076 -107.6668819 321.592 330764586 330764574 330764562
330764550: 37.809447 -107.6650527 531.183 330764586 330764574 330764575 330764561 330764571
330764574: 37.8121361 -107.6652485 115.591 330764586
330764572: 37.812651 -107.6661068 208.597 330764586 330764585
330764530: 37.807756 -107.666603 763.388 330764586 330764574 330764575 330764561 330764571 330764550 330764547
330764638: 37.8166855 -107.6597526 673.4739999999999 330764586 330764593 330764594 330764609 330764618 330764623
330764552: 37.8084351 -107.663328 713.819 330764586 330764587 330764588 330764581 330764570 330764551
330764584: 37.8137179 -107.6657607 138.541 330764586 330764585
330764524: 37.8069358 -107.667405 878.6360000000001 330764586 330764574 330764575 330764561 330764571 330764550 330764547 330764530
330764576: 37.8111359 -107.6635211 302.438 330764586 330764587 330764588
3042563270: 37.8101077 -107.6617323 486.31299999999993 330764586 330764587 330764588 330764581 330764577
330764606: 37.8151535 -107.6638215 320.728 330764586 330764593 330764592
330764592: 37.8143313 -107.6645672 208.25900000000001 330764586 330764593
330764594: 37.8133163 -107.6628318 211.346 330764586 330764593
331058146: 37.8181665 -107.6566922 1080.205 330764586 330764593 330764594 330764609 330764618 330764623 330764638 331058125 331058144
1826005504: 37.8111838 -107.6687122 560.521 330764586 330764574 330764562 330764566 330764554
330098752: 37.8067716 -107.6714618 1000.6550000000001 330764586 330764574 330764562 330764557 330764542 330764525 330764520 330098741
330764604: 37.8155688 -107.6643634 387.809 330764586 330764593 330764592 330764606
330764644: 37.8160286 -107.656314 962.34 330764586 330764593 330764594 330764609 330764618 330764623 330764636 330764637 330764639 330764643
330764608: 37.8146809 -107.6629016 234.54500000000002 330764586 330764593
330764620: 37.8139881 -107.6594951 630.4 330764586 330764587 330764588 330764602 330764599 330764614
330764636: 37.8155794 -107.6604956 546.721 330764586 330764593 330764594 330764609 330764618 330764623
330764586: 37.8129837 -107.6644867 0.0 
330764612: 37.8122441 -107.6587736 679.3009999999999 330764586 330764587 330764588 330764602 330764599 330764614 330764613
330764556: 37.810977 -107.6676383 435.37 330764586 330764574 330764562 330764566
330098680: 37.8055774 -107.6699879 1041.8020000000001 330764586 330764574 330764575 330764561 330764549 330764543 330764526 330764521 330098685 330098683 330098681
330764598: 37.8117991 -107.6601952 496.39599999999996 330764586 330764587 330764588 330764602 330764599
1356606892: 37.8055113 -107.6712321 1166.0819999999999 330764586 330764574 330764575 330764561 330764549 330764543 330764526 330764521 330098685 330098683 330098694 330098669
330098694: 37.8056156 -107.6703259 1062.895 330764586 330764574 330764575 330764561 330764549 330764543 330764526 330764521 330098685 330098683
2084019368: 37.8114968 -107.6570223 805.327 330764586 330764587 330764588 330764602 330764599 330764598
330764526: 37.8082709 -107.6675015 671.094 330764586 330764574 330764575 330764561 330764549 330764543
330764542: 37.8096228 -107.6675632 461.225 330764586 330764574 330764562 330764557
330764520: 37.8079382 -107.6691538 694.922 330764586 330764574 330764562 330764557 330764542 330764525
330764614: 37.8131426 -107.6602623 514.7239999999999 330764586 330764587 330764588 330764602 330764599
330764634: 37.8153336 -107.6596936 633.448 330764586 330764593 330764594 330764609 330764618 330764623 330764636 330764635
330764626: 37.8187672 -107.6622713 771.8439999999999 330764586 330764593 330764608 330764615
330098653: 37.8044754 -107.6709965 1193.0210000000002 330764586 330764574 330764575 330764561 330764549 330764543 330764526 330764521 330098685 330098683 330098681 330098680
330764587: 37.8124751 -107.6636123 95.386 330764586
3042563877: 37.8088158 -107.6617505 685.861 330764586 330764587 330764588 330764581 330764570 330764569
330764639: 37.8159925 -107.6585 732.785 330764586 330764593 330764594 330764609 330764618 330764623 330764636 330764637
330764619: 37.8145559 -107.6603964 543.429 330764586 330764593 330764594 330764609 330764618
330764547: 37.8085993 -107.6658037 646.239 330764586 330764574 330764575 330764561 330764571 330764550
330764573: 37.812812 -107.6663857 238.941 330764586 330764585 330764572
330764569: 37.8092732 -107.6625555 598.751 330764586 330764587 330764588 330764581 330764570
330764643: 37.8165647 -107.6571214 869.692 330764586 330764593 330764594 330764609 330764618 330764623 330764636 330764637 330764639
330098681: 37.8057088 -107.6698619 1023.4710000000001 330764586 330764574 330764575 330764561 330764549 330764543 330764526 330764521 330098685 330098683
330098741: 37.8070608 -107.6699879 816.9390000000001 330764586 330764574 330764562 330764557 330764542 330764525 330764520
330764543: 37.8091249 -107.666713 553.553 330764586 330764574 330764575 330764561 330764549
2042183279: 37.8058594 -107.6657771 1067.4650000000001 330764586 330764574 330764575 330764561 330764571 330764550 330764547 330764530 330764524
331058125: 37.8180967 -107.6583566 933.3139999999999 330764586 330764593 330764594 330764609 330764618 330764623 330764638
330098685: 37.8065591 -107.6690796 906.5820000000001 330764586 330764574 330764575 330764561 330764549 330764543 330764526 330764521
330764551: 37.808932 -107.6641836 620.5219999999999 330764586 330764587 330764588 330764581 330764570
330764599: 37.8123267 -107.6610804 398.984 330764586 330764587 330764588 330764602
330764521: 37.8074359 -107.6682606 785.4100000000001 330764586 330764574 330764575 330764561 330764549 330764543 330764526
330764609: 37.814166 -107.6620647 327.397 330764586 330764593 330764594
330764641: 37.8151704 -107.6571294 883.9949999999999 330764586 330764593 330764594 330764609 330764618 330764623 330764636 330764637 330764639 330764640
330764557: 37.8104726 -107.6667961 345.163 330764586 330764574 330764562
330764621: 37.8134541 -107.6586234 725.346 330764586 330764587 330764588 330764602 330764599 330764614 330764613
330764519: 37.8084171 -107.6699987 786.2750000000001 330764586 330764574 330764562 330764557 330764542 330764525 330764520
330764607: 37.8151958 -107.6637813 326.61 330764586 330764593 330764592 330764606
330764633: 37.8148398 -107.6587307 734.2909999999999 330764586 330764593 330764594 330764609 330764618 330764623 330764636 330764635 330764634
330098683: 37.8058212 -107.6697573 1007.9580000000001 330764586 330764574 330764575 330764561 330764549 330764543 330764526 330764521 330098685
330764623: 37.8156111 -107.6607156 527.077 330764586 330764593 330764594 330764609 330764618
330098703: 37.8031064 -107.6695588 1414.3090000000002 330764586 330764574 330764575 330764561 330764549 330764543 330764526 330764521 330098685 330098683 330098681 330098706
330764591: 37.8146344 -107.6650835 264.798 330764586 330764593 330764592
330764603: 37.8110377 -107.6608244 597.506 330764586 330764587 330764588 330764602 330764599 330764598
2042183459: 37.8059188 -107.6700764 992.77 330764586 330764574 330764562 330764557 330764542 330764525 330764520 330098741 330098732
330764631: 37.8143249 -107.6578188 845.227 330764586 330764587 330764588 330764602 330764599 330764614 330764613 330764621
330764585: 37.813488 -107.665345 93.965 330764586
330764549: 37.8099492 -107.6659351 439.22299999999996 330764586 330764574 330764575 330764561
330098641: 37.8040903 -107.6714193 1249.7640000000001 330764586 330764574 330764575 330764561 330764549 330764543 330764526 330764521 330098685 330098683 330098681 330098680 330098653
330764575: 37.8116381 -107.6644036 208.197 330764586 330764574
330764525: 37.8087682 -107.6683713 579.842 330764586 330764574 330764562 330764557 330764542
330764637: 37.8156027 -107.6594844 636.058 330764586 330764593 330764594 330764609 330764618 330764623 330764636
330764615: 37.8161048 -107.6629069 444.02099999999996 330764586 330764593 330764608
330764635: 37.8152361 -107.6597821 620.107 330764586 330764593 330764594 330764609 330764618 330764623 330764636
330764561: 37.8108096 -107.6651412 320.828 330764586 330764574 330764575
330764593: 37.8138228 -107.6637223 114.955 330764586
330764613: 37.8126213 -107.6593879 610.954 330764586 330764587 330764588 330764602 330764599 330764614
330764571: 37.8102946 -107.6642856 415.31999999999994 330764586 330764574 330764575 330764561
330764581: 37.8106342 -107.6626378 387.54499999999996 330764586 330764587 330764588
330098669: 37.8056042 -107.6713351 1152.349 330764586 330764574 330764575 330764561 330764549 330764543 330764526 330764521 330098685 330098683 330098694
1826005507: 37.8043293 -107.6677159 1268.9240000000002 330764586 330764574 330764575 330764561 330764549 330764543 330764526 330764521 330098685 330098683 330098681 330098706
330764577: 37.8101346 -107.6617791 481.2289999999999 330764586 330764587 330764588 330764581
