1826005506: 37.8125684 -107.6687888 553.3779999999999 330764550 330764549 330764557 330764556 330764554
330764640: 37.8156472 -107.6578912 1019.3199999999999 330764550 330764571 330764576 330764588 330764602 330764599 330764614 330764620 330764633
331107624: 37.8037969 -107.6743977 1188.646 330764550 330764547 330764530 330764524 330764521 330098685 330098683 330098681 330098680 330098653 330098641
330764554: 37.8114601 -107.6685208 378.135 330764550 330764549 330764557 330764556
331058144: 37.8181867 -107.6574714 1354.4270000000001 330764550 330764571 330764576 330764588 330764587 330764594 330764609 330764618 330764623 330764638 331058125
330098706: 37.8046661 -107.6682955 861.259 330764550 330764547 330764530 330764524 330764521 330098685 330098683 330098681
330764588: 37.8119708 -107.6627674 345.052 330764550 330764571 330764576
330764622: 37.8131405 -107.6580789 941.182 330764550 330764571 330764576 330764588 330764602 330764599 330764614 330764613 330764621
330764546: 37.8080865 -107.6649695 207.91199999999998 330764550 330764547
330764562: 37.8113224 -107.666021 306.40099999999995 330764550 330764571 330764561
330764632: 37.8140283 -107.6572931 1058.618 330764550 330764571 330764576 330764588 330764602 330764599 330764614 330764613 330764621 330764631
330764570: 37.8097882 -107.6634165 210.731 330764550 330764571
330764618: 37.8150602 -107.6612439 792.9300000000001 330764550 330764571 330764576 330764588 330764587 330764594 330764609
330098732: 37.8062937 -107.6707095 764.83 330764550 330764549 330764543 330764542 330764525 330764520 330098741
330764602: 37.8128099 -107.6619172 464.567 330764550 330764571 330764576 330764588
330764566: 37.8118076 -107.6668819 397.595 330764550 330764549 330764557 330764556
330764550: 37.809447 -107.6650527 0.0 
330764574: 37.8121361 -107.6652485 415.592 330764550 330764571 330764561 330764575
330764572: 37.812651 -107.6661068 510.26599999999996 330764550 330764571 330764561 330764575 330764574
330764530: 37.807756 -107.666603 232.20499999999998 330764550 330764547
330764638: 37.8166855 -107.6597526 1016.1780000000001 330764550 330764571 330764576 330764588 330764587 330764594 330764609 330764618 330764623
330764552: 37.8084351 -107.663328 188.737 330764550 330764551
330764584: 37.8137179 -107.6657607 669.4739999999999 330764550 330764571 330764561 330764575 330764574 330764572 330764585
330764524: 37.8069358 -107.667405 347.453 330764550 330764547 330764530
330764576: 37.8111359 -107.6635211 231.023 330764550 330764571
3042563270: 37.8101077 -107.6617323 425.35999999999996 330764550 330764571 330764576 330764581 330764577
330764606: 37.8151535 -107.6638215 851.9110000000001 330764550 330764571 330764561 330764575 330764574 330764586 330764593 330764592
330764592: 37.8143313 -107.6645672 739.442 330764550 330764571 330764561 330764575 330764574 330764586 330764593
330764594: 37.8133163 -107.6628318 554.0500000000001 330764550 330764571 330764576 330764588 330764587
331058146: 37.8181665 -107.6566922 1422.909 330764550 330764571 330764576 330764588 330764587 330764594 330764609 330764618 330764623 330764638 331058125 331058144
1826005504: 37.8111838 -107.6687122 413.621 330764550 330764549 330764557 330764556 330764554
330098752: 37.8067716 -107.6714618 842.2700000000001 330764550 330764549 330764543 330764542 330764525 330764520 330098741
330764604: 37.8155688 -107.6643634 918.9920000000001 330764550 330764571 330764561 330764575 330764574 330764586 330764593 330764592 330764606
330764644: 37.8160286 -107.656314 1224.014 330764550 330764571 330764576 330764588 330764602 330764599 330764614 330764620 330764633 330764640 330764641
330764608: 37.8146809 -107.6629016 763.2820000000002 330764550 330764571 330764576 330764588 330764587 330764594 330764609
330764620: 37.8139881 -107.6594951 787.043 330764550 330764571 330764576 330764588 330764602 330764599 330764614
330764636: 37.8155794 -107.6604956 889.4250000000001 330764550 330764571 330764576 330764588 330764587 330764594 330764609 330764618 330764623
330764586: 37.8129837 -107.6644867 531.183 330764550 330764571 330764561 330764575 330764574
330764612: 37.8122441 -107.6587736 835.944 330764550 330764571 330764576 330764588 330764602 330764599 330764614 330764613
330764556: 37.810977 -107.6676383 283.817 330764550 330764549 330764557
330098680: 37.8055774 -107.6699879 697.347 330764550 330764547 330764530 330764524 330764521 330098685 330098683 330098681
330764598: 37.8117991 -107.6601952 653.039 330764550 330764571 330764576 330764588 330764602 330764599
1356606892: 37.8055113 -107.6712321 821.6269999999998 330764550 330764547 330764530 330764524 330764521 330098685 330098683 330098694 330098669
330098694: 37.8056156 -107.6703259 718.4399999999999 330764550 330764547 330764530 330764524 330764521 330098685 330098683
2084019368: 37.8114968 -107.6570223 961.97 330764550 330764571 330764576 330764588 330764602 330764599 330764598
330764526: 37.8082709 -107.6675015 327.409 330764550 330764549 330764543
330764542: 37.8096228 -107.6675632 302.84000000000003 330764550 330764549 330764543
330764520: 37.8079382 -107.6691538 536.537 330764550 330764549 330764543 330764542 330764525
330764614: 37.8131426 -107.6602623 671.367 330764550 330764571 330764576 330764588 330764602 330764599
330764634: 37.8153336 -107.6596936 976.152 330764550 330764571 330764576 330764588 330764587 330764594 330764609 330764618 330764623 330764636 330764635
330764626: 37.8187672 -107.6622713 1300.5810000000001 330764550 330764571 330764576 330764588 330764587 330764594 330764609 330764608 330764615
330098653: 37.8044754 -107.6709965 848.566 330764550 330764547 330764530 330764524 330764521 330098685 330098683 330098681 330098680
330764587: 37.8124751 -107.6636123 438.07500000000005 330764550 330764571 330764576 330764588
3042563877: 37.8088158 -107.6617505 391.15999999999997 330764550 330764551 330764552 330764569
330764639: 37.8159925 -107.6585 1075.489 330764550 330764571 330764576 330764588 330764587 330764594 330764609 330764618 330764623 330764636 330764637
330764619: 37.8145559 -107.6603964 886.133 330764550 330764571 330764576 330764588 330764587 330764594 330764609 330764618
330764547: 37.8085993 -107.6658037 115.056 330764550
330764573: 37.812812 -107.6663857 540.61 330764550 330764571 330764561 330764575 330764574 330764572
330764569: 37.8092732 -107.6625555 304.04999999999995 330764550 330764551 330764552
330764643: 37.8165647 -107.6571214 1212.396 330764550 330764571 330764576 330764588 330764587 330764594 330764609 330764618 330764623 330764636 330764637 330764639
330098681: 37.8057088 -107.6698619 679.016 330764550 330764547 330764530 330764524 330764521 330098685 330098683
330098741: 37.8070608 -107.6699879 658.5540000000001 330764550 330764549 330764543 330764542 330764525 330764520
330764543: 37.8091249 -107.666713 209.868 330764550 330764549
2042183279: 37.8058594 -107.6657771 536.2819999999999 330764550 330764547 330764530 330764524
331058125: 37.8180967 -107.6583566 1276.018 330764550 330764571 330764576 330764588 330764587 330764594 330764609 330764618 330764623 330764638
330098685: 37.8065591 -107.6690796 562.127 330764550 330764547 330764530 330764524 330764521
330764551: 37.808932 -107.6641836 95.44 330764550
330764599: 37.8123267 -107.6610804 555.627 330764550 330764571 330764576 330764588 330764602
330764521: 37.8074359 -107.6682606 440.955 330764550 330764547 330764530 330764524
330764609: 37.814166 -107.6620647 670.1010000000001 330764550 330764571 330764576 330764588 330764587 330764594
330764641: 37.8151704 -107.6571294 1104.696 330764550 330764571 330764576 330764588 330764602 330764599 330764614 330764620 330764633 330764640
330764557: 37.8104726 -107.6667961 190.975 330764550 330764549
330764621: 37.8134541 -107.6586234 881.989 330764550 330764571 330764576 330764588 330764602 330764599 330764614 330764613
330764519: 37.8084171 -107.6699987 627.8900000000001 330764550 330764549 330764543 330764542 330764525 330764520
330764607: 37.8151958 -107.6637813 857.793 330764550 330764571 330764561 330764575 330764574 330764586 330764593 330764592 330764606
330764633: 37.8148398 -107.6587307 903.137 330764550 330764571 330764576 330764588 330764602 330764599 330764614 330764620
330098683: 37.8058212 -107.6697573 663.5029999999999 330764550 330764547 330764530 330764524 330764521 330098685
330764623: 37.8156111 -107.6607156 869.7810000000001 330764550 330764571 330764576 330764588 330764587 330764594 330764609 330764618
330098703: 37.8031064 -107.6695588 1069.854 330764550 330764547 330764530 330764524 330764521 330098685 330098683 330098681 330098706
330764591: 37.8146344 -107.6650835 795.981 330764550 330764571 330764561 330764575 330764574 330764586 330764593 330764592
330764603: 37.8110377 -107.6608244 754.149 330764550 330764571 330764576 330764588 330764602 330764599 330764598
2042183459: 37.8059188 -107.6700764 834.385 330764550 330764549 330764543 330764542 330764525 330764520 330098741 330098732
330764631: 37.8143249 -107.6578188 1001.87 330764550 330764571 330764576 330764588 330764602 330764599 330764614 330764613 330764621
330764585: 37.813488 -107.665345 624.8979999999999 330764550 330764571 330764561 330764575 330764574 330764572
330764549: 37.8099492 -107.6659351 95.538 330764550
330098641: 37.8040903 -107.6714193 905.309 330764550 330764547 330764530 330764524 330764521 330098685 330098683 330098681 330098680 330098653
330764575: 37.8116381 -107.6644036 322.986 330764550 330764571 330764561
330764525: 37.8087682 -107.6683713 421.45700000000005 330764550 330764549 330764543 330764542
330764637: 37.8156027 -107.6594844 978.7620000000001 330764550 330764571 330764576 330764588 330764587 330764594 330764609 330764618 330764623 330764636
330764615: 37.8161048 -107.6629069 972.7580000000002 330764550 330764571 330764576 330764588 330764587 330764594 330764609 330764608
330764635: 37.8152361 -107.6597821 962.811 330764550 330764571 330764576 330764588 330764587 330764594 330764609 330764618 330764623 330764636
330764561: 37.8108096 -107.6651412 210.355 330764550 330764571
330764593: 37.8138228 -107.6637223 646.138 330764550 330764571 330764561 330764575 330764574 330764586
330764613: 37.8126213 -107.6593879 767.597 330764550 330764571 330764576 330764588 330764602 330764599 330764614
330764571: 37.8102946 -107.6642856 115.863 330764550
330764581: 37.8106342 -107.6626378 326.592 330764550 330764571 330764576
330098669: 37.8056042 -107.6713351 807.8939999999999 330764550 330764547 330764530 330764524 330764521 330098685 330098683 330098694
1826005507: 37.8043293 -107.6677159 924.469 330764550 330764547 330764530 330764524 330764521 330098685 330098683 330098681 330098706
330764577: 37.8101346 -107.6617791 420.27599999999995 330764550 330764571 330764576 330764581
