1826005506: 37.8125684 -107.6687888 1194.4669999999999 330764598 330764599 330764602 330764588 330764587 330764575 330764574 330764562 330764566 330764554
330764640: 37.8156472 -107.6578912 547.187 330764598 330764613 330764621 330764631 330764641
331107624: 37.8037969 -107.6743977 1841.685 330764598 330764599 330764602 330764588 330764576 330764571 330764550 330764547 330764530 330764524 330764521 330098685 330098683 330098681 330098680 330098653 330098641
330764554: 37.8114601 -107.6685208 1019.2239999999999 330764598 330764599 330764602 330764588 330764587 330764575 330764574 330764562 330764566
331058144: 37.8181867 -107.6574714 1082.9629999999997 330764598 330764613 330764621 330764620 330764619 330764618 330764623 330764638 331058125
330098706: 37.8046661 -107.6682955 1514.298 330764598 330764599 330764602 330764588 330764576 330764571 330764550 330764547 330764530 330764524 330764521 330098685 330098683 330098681
330764588: 37.8119708 -107.6627674 307.987 330764598 330764599 330764602
330764622: 37.8131405 -107.6580789 289.291 330764598 330764613 330764621
330764546: 37.8080865 -107.6649695 856.7440000000001 330764598 330764599 330764602 330764588 330764581 330764570 330764551
330764562: 37.8113224 -107.666021 722.881 330764598 330764599 330764602 330764588 330764587 330764575 330764574
330764632: 37.8140283 -107.6572931 406.72700000000003 330764598 330764613 330764621 330764631
330764570: 37.8097882 -107.6634165 623.4580000000001 330764598 330764599 330764602 330764588 330764581
330764618: 37.8150602 -107.6612439 521.466 330764598 330764613 330764621 330764620 330764619
330098732: 37.8062937 -107.6707095 1417.404 330764598 330764599 330764602 330764588 330764587 330764575 330764574 330764562 330764557 330764542 330764525 330764520 330098741
330764602: 37.8128099 -107.6619172 188.472 330764598 330764599
330764566: 37.8118076 -107.6668819 815.781 330764598 330764599 330764602 330764588 330764587 330764575 330764574 330764562
330764550: 37.809447 -107.6650527 653.039 330764598 330764599 330764602 330764588 330764576 330764571
330764574: 37.8121361 -107.6652485 609.78 330764598 330764599 330764602 330764588 330764587 330764575
330764572: 37.812651 -107.6661068 704.454 330764598 330764599 330764602 330764588 330764587 330764575 330764574
330764530: 37.807756 -107.666603 885.244 330764598 330764599 330764602 330764588 330764576 330764571 330764550 330764547
330764638: 37.8166855 -107.6597526 744.7139999999999 330764598 330764613 330764621 330764620 330764619 330764618 330764623
330764552: 37.8084351 -107.663328 833.3970000000002 330764598 330764599 330764602 330764588 330764581 330764570 330764551
330764584: 37.8137179 -107.6657607 634.937 330764598 330764599 330764602 330764588 330764587 330764586 330764585
330764524: 37.8069358 -107.667405 1000.4920000000001 330764598 330764599 330764602 330764588 330764576 330764571 330764550 330764547 330764530
330764576: 37.8111359 -107.6635211 422.016 330764598 330764599 330764602 330764588
3042563270: 37.8101077 -107.6617323 605.891 330764598 330764599 330764602 330764588 330764581 330764577
330764606: 37.8151535 -107.6638215 588.7470000000001 330764598 330764599 330764602 330764594 330764593 330764592
330764592: 37.8143313 -107.6645672 476.278 330764598 330764599 330764602 330764594 330764593
330764594: 37.8133163 -107.6628318 286.583 330764598 330764599 330764602
331058146: 37.8181665 -107.6566922 1151.4449999999997 330764598 330764613 330764621 330764620 330764619 330764618 330764623 330764638 331058125 331058144
1826005504: 37.8111838 -107.6687122 1054.71 330764598 330764599 330764602 330764588 330764587 330764575 330764574 330764562 330764566 330764554
330098752: 37.8067716 -107.6714618 1494.844 330764598 330764599 330764602 330764588 330764587 330764575 330764574 330764562 330764557 330764542 330764525 330764520 330098741
330764604: 37.8155688 -107.6643634 655.8280000000001 330764598 330764599 330764602 330764594 330764593 330764592 330764606
330764644: 37.8160286 -107.656314 581.129 330764598 330764613 330764621 330764631 330764641
330764608: 37.8146809 -107.6629016 495.815 330764598 330764599 330764602 330764594 330764609
330764620: 37.8139881 -107.6594951 326.997 330764598 330764613 330764621
330764636: 37.8155794 -107.6604956 594.561 330764598 330764613 330764621 330764620 330764619 330764635
330764586: 37.8129837 -107.6644867 496.39599999999996 330764598 330764599 330764602 330764588 330764587
330764612: 37.8122441 -107.6587736 184.053 330764598 330764613
330764556: 37.810977 -107.6676383 929.559 330764598 330764599 330764602 330764588 330764587 330764575 330764574 330764562 330764566
330098680: 37.8055774 -107.6699879 1350.386 330764598 330764599 330764602 330764588 330764576 330764571 330764550 330764547 330764530 330764524 330764521 330098685 330098683 330098681
330764598: 37.8117991 -107.6601952 0.0 
1356606892: 37.8055113 -107.6712321 1474.666 330764598 330764599 330764602 330764588 330764576 330764571 330764550 330764547 330764530 330764524 330764521 330098685 330098683 330098694 330098669
330098694: 37.8056156 -107.6703259 1371.479 330764598 330764599 330764602 330764588 330764576 330764571 330764550 330764547 330764530 330764524 330764521 330098685 330098683
2084019368: 37.8114968 -107.6570223 308.931 330764598
330764526: 37.8082709 -107.6675015 980.0709999999999 330764598 330764599 330764602 330764588 330764587 330764575 330764561 330764549 330764543
330764542: 37.8096228 -107.6675632 955.414 330764598 330764599 330764602 330764588 330764587 330764575 330764574 330764562 330764557
330764520: 37.8079382 -107.6691538 1189.1109999999999 330764598 330764599 330764602 330764588 330764587 330764575 330764574 330764562 330764557 330764542 330764525
330764614: 37.8131426 -107.6602623 211.93599999999998 330764598 330764613
330764634: 37.8153336 -107.6596936 534.5160000000001 330764598 330764613 330764621 330764620 330764619 330764635
330764626: 37.8187672 -107.6622713 1033.114 330764598 330764599 330764602 330764594 330764609 330764608 330764615
330098653: 37.8044754 -107.6709965 1501.605 330764598 330764599 330764602 330764588 330764576 330764571 330764550 330764547 330764530 330764524 330764521 330098685 330098683 330098681 330098680
330764587: 37.8124751 -107.6636123 401.01 330764598 330764599 330764602 330764588
3042563877: 37.8088158 -107.6617505 805.4390000000001 330764598 330764599 330764602 330764588 330764581 330764570 330764569
330764639: 37.8159925 -107.6585 613.021 330764598 330764613 330764621 330764631 330764641 330764640
330764619: 37.8145559 -107.6603964 428.26300000000003 330764598 330764613 330764621 330764620
330764547: 37.8085993 -107.6658037 768.095 330764598 330764599 330764602 330764588 330764576 330764571 330764550
330764573: 37.812812 -107.6663857 734.798 330764598 330764599 330764602 330764588 330764587 330764575 330764574 330764572
330764569: 37.8092732 -107.6625555 718.3290000000001 330764598 330764599 330764602 330764588 330764581 330764570
330764643: 37.8165647 -107.6571214 673.777 330764598 330764613 330764621 330764631 330764641 330764644
330098681: 37.8057088 -107.6698619 1332.055 330764598 330764599 330764602 330764588 330764576 330764571 330764550 330764547 330764530 330764524 330764521 330098685 330098683
330098741: 37.8070608 -107.6699879 1311.128 330764598 330764599 330764602 330764588 330764587 330764575 330764574 330764562 330764557 330764542 330764525 330764520
330764543: 37.8091249 -107.666713 862.53 330764598 330764599 330764602 330764588 330764587 330764575 330764561 330764549
2042183279: 37.8058594 -107.6657771 1189.3210000000001 330764598 330764599 330764602 330764588 330764576 330764571 330764550 330764547 330764530 330764524
331058125: 37.8180967 -107.6583566 1004.5539999999999 330764598 330764613 330764621 330764620 330764619 330764618 330764623 330764638
330098685: 37.8065591 -107.6690796 1215.1660000000002 330764598 330764599 330764602 330764588 330764576 330764571 330764550 330764547 330764530 330764524 330764521
330764551: 37.808932 -107.6641836 740.1000000000001 330764598 330764599 330764602 330764588 330764581 330764570
330764599: 37.8123267 -107.6610804 97.412 330764598
330764521: 37.8074359 -107.6682606 1093.9940000000001 330764598 330764599 330764602 330764588 330764576 330764571 330764550 330764547 330764530 330764524
330764609: 37.814166 -107.6620647 402.634 330764598 330764599 330764602 330764594
330764641: 37.8151704 -107.6571294 461.81100000000004 330764598 330764613 330764621 330764631
330764557: 37.8104726 -107.6667961 839.352 330764598 330764599 330764602 330764588 330764587 330764575 330764574 330764562
330764621: 37.8134541 -107.6586234 230.098 330764598 330764613
330764519: 37.8084171 -107.6699987 1280.464 330764598 330764599 330764602 330764588 330764587 330764575 330764574 330764562 330764557 330764542 330764525 330764520
330764607: 37.8151958 -107.6637813 591.99 330764598 330764599 330764602 330764594 330764609 330764608
330764633: 37.8148398 -107.6587307 443.091 330764598 330764613 330764621 330764620
330098683: 37.8058212 -107.6697573 1316.5420000000001 330764598 330764599 330764602 330764588 330764576 330764571 330764550 330764547 330764530 330764524 330764521 330098685
330764623: 37.8156111 -107.6607156 598.317 330764598 330764613 330764621 330764620 330764619 330764618
330098703: 37.8031064 -107.6695588 1722.893 330764598 330764599 330764602 330764588 330764576 330764571 330764550 330764547 330764530 330764524 330764521 330098685 330098683 330098681 330098706
330764591: 37.8146344 -107.6650835 532.817 330764598 330764599 330764602 330764594 330764593 330764592
330764603: 37.8110377 -107.6608244 101.11 330764598
2042183459: 37.8059188 -107.6700764 1486.959 330764598 330764599 330764602 330764588 330764587 330764575 330764574 330764562 330764557 330764542 330764525 330764520 330098741 330098732
330764631: 37.8143249 -107.6578188 349.97900000000004 330764598 330764613 330764621
330764585: 37.813488 -107.665345 590.361 330764598 330764599 330764602 330764588 330764587 330764586
330764549: 37.8099492 -107.6659351 748.1999999999999 330764598 330764599 330764602 330764588 330764587 330764575 330764561
330098641: 37.8040903 -107.6714193 1558.348 330764598 330764599 330764602 330764588 330764576 330764571 330764550 330764547 330764530 330764524 330764521 330098685 330098683 330098681 330098680 330098653
330764575: 37.8116381 -107.6644036 517.174 330764598 330764599 330764602 330764588 330764587
330764525: 37.8087682 -107.6683713 1074.031 330764598 330764599 330764602 330764588 330764587 330764575 330764574 330764562 330764557 330764542
330764637: 37.8156027 -107.6594844 569.6310000000001 330764598 330764613 330764621 330764620 330764619 330764635 330764634
330764615: 37.8161048 -107.6629069 705.2909999999999 330764598 330764599 330764602 330764594 330764609 330764608
330764635: 37.8152361 -107.6597821 521.1750000000001 330764598 330764613 330764621 330764620 330764619
330764561: 37.8108096 -107.6651412 629.805 330764598 330764599 330764602 330764588 330764587 330764575
330764593: 37.8138228 -107.6637223 382.97400000000005 330764598 330764599 330764602 330764594
330764613: 37.8126213 -107.6593879 115.706 330764598
330764571: 37.8102946 -107.6642856 537.176 330764598 330764599 330764602 330764588 330764576
330764581: 37.8106342 -107.6626378 507.12300000000005 330764598 330764599 330764602 330764588
330098669: 37.8056042 -107.6713351 1460.933 330764598 330764599 330764602 330764588 330764576 330764571 330764550 330764547 330764530 330764524 330764521 330098685 330098683 330098694
1826005507: 37.8043293 -107.6677159 1577.508 330764598 330764599 330764602 330764588 330764576 330764571 330764550 330764547 330764530 330764524 330764521 330098685 330098683 330098681 330098706
330764577: 37.8101346 -107.6617791 600.807 330764598 330764599 330764602 330764588 330764581
