1826005506: 37.8125684 -107.6687888 712.162 330764520 330764525 330764542 330764557 330764556 330764554
330764640: 37.8156472 -107.6578912 1491.3490000000004 330764520 330764525 330764542 330764557 330764562 330764574 330764575 330764587 330764594 330764609 330764618 330764623 330764636 330764637 330764639
331107624: 37.8037969 -107.6743977 844.008 330764520 330764521 330098685 330098683 330098681 330098680 330098653 330098641
330764554: 37.8114601 -107.6685208 536.919 330764520 330764525 330764542 330764557 330764556
331058144: 37.8181867 -107.6574714 1704.453 330764520 330764525 330764542 330764557 330764562 330764574 330764575 330764587 330764594 330764609 330764618 330764623 330764638 331058125
330098706: 37.8046661 -107.6682955 516.621 330764520 330764521 330098685 330098683 330098681
330764588: 37.8119708 -107.6627674 881.124 330764520 330764525 330764542 330764557 330764562 330764574 330764575 330764587
330764622: 37.8131405 -107.6580789 1477.2540000000001 330764520 330764525 330764542 330764557 330764562 330764574 330764575 330764587 330764588 330764602 330764599 330764614 330764613 330764621
330764546: 37.8080865 -107.6649695 498.08500000000004 330764520 330764521 330764524 330764530
330764562: 37.8113224 -107.666021 466.23 330764520 330764525 330764542 330764557
330764632: 37.8140283 -107.6572931 1594.6900000000003 330764520 330764525 330764542 330764557 330764562 330764574 330764575 330764587 330764588 330764602 330764599 330764614 330764613 330764621 330764631
330764570: 37.8097882 -107.6634165 731.3710000000001 330764520 330764521 330764524 330764530 330764546 330764551
330764618: 37.8150602 -107.6612439 1142.9560000000001 330764520 330764525 330764542 330764557 330764562 330764574 330764575 330764587 330764594 330764609
330098732: 37.8062937 -107.6707095 228.293 330764520 330098741
330764602: 37.8128099 -107.6619172 1000.639 330764520 330764525 330764542 330764557 330764562 330764574 330764575 330764587 330764588
330764566: 37.8118076 -107.6668819 556.379 330764520 330764525 330764542 330764557 330764556
330764550: 37.809447 -107.6650527 536.5369999999999 330764520 330764525 330764542 330764543 330764549
330764574: 37.8121361 -107.6652485 579.331 330764520 330764525 330764542 330764557 330764562
330764572: 37.812651 -107.6661068 672.273 330764520 330764525 330764542 330764557 330764556 330764566
330764530: 37.807756 -107.666603 305.067 330764520 330764521 330764524
330764638: 37.8166855 -107.6597526 1366.2040000000002 330764520 330764525 330764542 330764557 330764562 330764574 330764575 330764587 330764594 330764609 330764618 330764623
330764552: 37.8084351 -107.663328 696.95 330764520 330764521 330764524 330764530 330764546
330764584: 37.8137179 -107.6657607 831.481 330764520 330764525 330764542 330764557 330764556 330764566 330764572 330764585
330764524: 37.8069358 -107.667405 189.81900000000002 330764520 330764521
330764576: 37.8111359 -107.6635211 767.48 330764520 330764525 330764542 330764557 330764562 330764574 330764575
3042563270: 37.8101077 -107.6617323 935.327 330764520 330764521 330764524 330764530 330764546 330764552 330764569 330764577
330764606: 37.8151535 -107.6638215 1015.3969999999999 330764520 330764525 330764542 330764557 330764556 330764566 330764572 330764585 330764592
330764592: 37.8143313 -107.6645672 902.928 330764520 330764525 330764542 330764557 330764556 330764566 330764572 330764585
330764594: 37.8133163 -107.6628318 904.076 330764520 330764525 330764542 330764557 330764562 330764574 330764575 330764587
331058146: 37.8181665 -107.6566922 1772.935 330764520 330764525 330764542 330764557 330764562 330764574 330764575 330764587 330764594 330764609 330764618 330764623 330764638 331058125 331058144
1826005504: 37.8111838 -107.6687122 572.405 330764520 330764525 330764542 330764557 330764556 330764554
330098752: 37.8067716 -107.6714618 305.733 330764520 330098741
330764604: 37.8155688 -107.6643634 1082.4779999999998 330764520 330764525 330764542 330764557 330764556 330764566 330764572 330764585 330764592 330764606
330764644: 37.8160286 -107.656314 1655.0700000000002 330764520 330764525 330764542 330764557 330764562 330764574 330764575 330764587 330764594 330764609 330764618 330764623 330764636 330764637 330764639 330764643
330764608: 37.8146809 -107.6629016 929.4670000000001 330764520 330764525 330764542 330764557 330764562 330764574 330764586 330764593
330764620: 37.8139881 -107.6594951 1323.115 330764520 330764525 330764542 330764557 330764562 330764574 330764575 330764587 330764588 330764602 330764599 330764614
330764636: 37.8155794 -107.6604956 1239.4510000000002 330764520 330764525 330764542 330764557 330764562 330764574 330764575 330764587 330764594 330764609 330764618 330764623
330764586: 37.8129837 -107.6644867 694.922 330764520 330764525 330764542 330764557 330764562 330764574
330764612: 37.8122441 -107.6587736 1372.016 330764520 330764525 330764542 330764557 330764562 330764574 330764575 330764587 330764588 330764602 330764599 330764614 330764613
330764556: 37.810977 -107.6676383 442.601 330764520 330764525 330764542 330764557
330098680: 37.8055774 -107.6699879 352.709 330764520 330764521 330098685 330098683 330098681
330764598: 37.8117991 -107.6601952 1189.111 330764520 330764525 330764542 330764557 330764562 330764574 330764575 330764587 330764588 330764602 330764599
1356606892: 37.8055113 -107.6712321 476.98900000000003 330764520 330764521 330098685 330098683 330098694 330098669
330098694: 37.8056156 -107.6703259 373.802 330764520 330764521 330098685 330098683
2084019368: 37.8114968 -107.6570223 1498.0420000000001 330764520 330764525 330764542 330764557 330764562 330764574 330764575 330764587 330764588 330764602 330764599 330764598
330764526: 37.8082709 -107.6675015 209.402 330764520 330764525
330764542: 37.8096228 -107.6675632 233.697 330764520 330764525
330764520: 37.8079382 -107.6691538 0.0 
330764614: 37.8131426 -107.6602623 1207.439 330764520 330764525 330764542 330764557 330764562 330764574 330764575 330764587 330764588 330764602 330764599
330764634: 37.8153336 -107.6596936 1326.178 330764520 330764525 330764542 330764557 330764562 330764574 330764575 330764587 330764594 330764609 330764618 330764623 330764636 330764635
330764626: 37.8187672 -107.6622713 1466.766 330764520 330764525 330764542 330764557 330764562 330764574 330764586 330764593 330764608 330764615
330098653: 37.8044754 -107.6709965 503.928 330764520 330764521 330098685 330098683 330098681 330098680
330764587: 37.8124751 -107.6636123 788.101 330764520 330764525 330764542 330764557 330764562 330764574 330764575
3042563877: 37.8088158 -107.6617505 899.373 330764520 330764521 330764524 330764530 330764546 330764552 330764569
330764639: 37.8159925 -107.6585 1425.5150000000003 330764520 330764525 330764542 330764557 330764562 330764574 330764575 330764587 330764594 330764609 330764618 330764623 330764636 330764637
330764619: 37.8145559 -107.6603964 1236.159 330764520 330764525 330764542 330764557 330764562 330764574 330764575 330764587 330764594 330764609 330764618
330764547: 37.8085993 -107.6658037 422.216 330764520 330764521 330764524 330764530
330764573: 37.812812 -107.6663857 702.6170000000001 330764520 330764525 330764542 330764557 330764556 330764566 330764572
330764569: 37.8092732 -107.6625555 812.263 330764520 330764521 330764524 330764530 330764546 330764552
330764643: 37.8165647 -107.6571214 1562.4220000000003 330764520 330764525 330764542 330764557 330764562 330764574 330764575 330764587 330764594 330764609 330764618 330764623 330764636 330764637 330764639
330098681: 37.8057088 -107.6698619 334.378 330764520 330764521 330098685 330098683
330098741: 37.8070608 -107.6699879 122.017 330764520
330764543: 37.8091249 -107.666713 326.669 330764520 330764525 330764542
2042183279: 37.8058594 -107.6657771 378.648 330764520 330764521 330764524
331058125: 37.8180967 -107.6583566 1626.044 330764520 330764525 330764542 330764557 330764562 330764574 330764575 330764587 330764594 330764609 330764618 330764623 330764638
330098685: 37.8065591 -107.6690796 217.489 330764520 330764521
330764551: 37.808932 -107.6641836 614.729 330764520 330764521 330764524 330764530 330764546
330764599: 37.8123267 -107.6610804 1091.699 330764520 330764525 330764542 330764557 330764562 330764574 330764575 330764587 330764588 330764602
330764521: 37.8074359 -107.6682606 96.31700000000001 330764520
330764609: 37.814166 -107.6620647 1020.1270000000001 330764520 330764525 330764542 330764557 330764562 330764574 330764575 330764587 330764594
330764641: 37.8151704 -107.6571294 1576.7250000000004 330764520 330764525 330764542 330764557 330764562 330764574 330764575 330764587 330764594 330764609 330764618 330764623 330764636 330764637 330764639 330764640
330764557: 37.8104726 -107.6667961 349.759 330764520 330764525 330764542
330764621: 37.8134541 -107.6586234 1418.0610000000001 330764520 330764525 330764542 330764557 330764562 330764574 330764575 330764587 330764588 330764602 330764599 330764614 330764613
330764519: 37.8084171 -107.6699987 91.35300000000001 330764520
330764607: 37.8151958 -107.6637813 1021.2789999999999 330764520 330764525 330764542 330764557 330764556 330764566 330764572 330764585 330764592 330764606
330764633: 37.8148398 -107.6587307 1427.0210000000002 330764520 330764525 330764542 330764557 330764562 330764574 330764575 330764587 330764594 330764609 330764618 330764623 330764636 330764635 330764634
330098683: 37.8058212 -107.6697573 318.865 330764520 330764521 330098685
330764623: 37.8156111 -107.6607156 1219.8070000000002 330764520 330764525 330764542 330764557 330764562 330764574 330764575 330764587 330764594 330764609 330764618
330098703: 37.8031064 -107.6695588 725.216 330764520 330764521 330098685 330098683 330098681 330098706
330764591: 37.8146344 -107.6650835 959.467 330764520 330764525 330764542 330764557 330764556 330764566 330764572 330764585 330764592
330764603: 37.8110377 -107.6608244 1290.221 330764520 330764525 330764542 330764557 330764562 330764574 330764575 330764587 330764588 330764602 330764599 330764598
2042183459: 37.8059188 -107.6700764 297.848 330764520 330098741 330098732
330764631: 37.8143249 -107.6578188 1537.9420000000002 330764520 330764525 330764542 330764557 330764562 330764574 330764575 330764587 330764588 330764602 330764599 330764614 330764613 330764621
330764585: 37.813488 -107.665345 786.905 330764520 330764525 330764542 330764557 330764556 330764566 330764572
330764549: 37.8099492 -107.6659351 440.99899999999997 330764520 330764525 330764542 330764543
330098641: 37.8040903 -107.6714193 560.671 330764520 330764521 330098685 330098683 330098681 330098680 330098653
330764575: 37.8116381 -107.6644036 671.937 330764520 330764525 330764542 330764557 330764562 330764574
330764525: 37.8087682 -107.6683713 115.08 330764520
330764637: 37.8156027 -107.6594844 1328.7880000000002 330764520 330764525 330764542 330764557 330764562 330764574 330764575 330764587 330764594 330764609 330764618 330764623 330764636
330764615: 37.8161048 -107.6629069 1138.943 330764520 330764525 330764542 330764557 330764562 330764574 330764586 330764593 330764608
330764635: 37.8152361 -107.6597821 1312.8370000000002 330764520 330764525 330764542 330764557 330764562 330764574 330764575 330764587 330764594 330764609 330764618 330764623 330764636
330764561: 37.8108096 -107.6651412 559.394 330764520 330764525 330764542 330764543 330764549
330764593: 37.8138228 -107.6637223 809.8770000000001 330764520 330764525 330764542 330764557 330764562 330764574 330764586
330764613: 37.8126213 -107.6593879 1303.669 330764520 330764525 330764542 330764557 330764562 330764574 330764575 330764587 330764588 330764602 330764599 330764614
330764571: 37.8102946 -107.6642856 652.3999999999999 330764520 330764525 330764542 330764543 330764549 330764550
330764581: 37.8106342 -107.6626378 847.7060000000001 330764520 330764521 330764524 330764530 330764546 330764551 330764570
330098669: 37.8056042 -107.6713351 463.25600000000003 330764520 330764521 330098685 330098683 330098694
1826005507: 37.8043293 -107.6677159 579.831 330764520 330764521 330098685 330098683 330098681 330098706
330764577: 37.8101346 -107.6617791 930.243 330764520 330764521 330764524 330764530 330764546 330764552 330764569
