1826005506: 37.8125684 -107.6687888 1482.61 330764622 330764621 330764613 330764614 330764599 330764602 330764588 330764587 330764575 330764574 330764562 330764566 330764554
330764640: 37.8156472 -107.6578912 376.28200000000004 330764622 330764621 330764631 330764641
331107624: 37.8037969 -107.6743977 2129.828 330764622 330764621 330764613 330764614 330764599 330764602 330764588 330764576 330764571 330764550 330764547 330764530 330764524 330764521 330098685 330098683 330098681 330098680 330098653 330098641
330764554: 37.8114601 -107.6685208 1307.367 330764622 330764621 330764613 330764614 330764599 330764602 330764588 330764587 330764575 330764574 330764562 330764566
331058144: 37.8181867 -107.6574714 912.0579999999999 330764622 330764621 330764620 330764619 330764618 330764623 330764638 331058125
330098706: 37.8046661 -107.6682955 1802.441 330764622 330764621 330764613 330764614 330764599 330764602 330764588 330764576 330764571 330764550 330764547 330764530 330764524 330764521 330098685 330098683 330098681
330764588: 37.8119708 -107.6627674 596.13 330764622 330764621 330764613 330764614 330764599 330764602
330764622: 37.8131405 -107.6580789 0.0 
330764546: 37.8080865 -107.6649695 1144.887 330764622 330764621 330764613 330764614 330764599 330764602 330764588 330764581 330764570 330764551
330764562: 37.8113224 -107.666021 1011.024 330764622 330764621 330764613 330764614 330764599 330764602 330764588 330764587 330764575 330764574
330764632: 37.8140283 -107.6572931 235.822 330764622 330764621 330764631
330764570: 37.8097882 -107.6634165 911.601 330764622 330764621 330764613 330764614 330764599 330764602 330764588 330764581
330764618: 37.8150602 -107.6612439 350.5609999999999 330764622 330764621 330764620 330764619
330098732: 37.8062937 -107.6707095 1705.5469999999998 330764622 330764621 330764613 330764614 330764599 330764602 330764588 330764587 330764575 330764574 330764562 330764557 330764542 330764525 330764520 330098741
330764602: 37.8128099 -107.6619172 476.61499999999995 330764622 330764621 330764613 330764614 330764599
330764566: 37.8118076 -107.6668819 1103.924 330764622 330764621 330764613 330764614 330764599 330764602 330764588 330764587 330764575 330764574 330764562
330764550: 37.809447 -107.6650527 941.182 330764622 330764621 330764613 330764614 330764599 330764602 330764588 330764576 330764571
330764574: 37.8121361 -107.6652485 897.923 330764622 330764621 330764613 330764614 330764599 330764602 330764588 330764587 330764575
330764572: 37.812651 -107.6661068 992.597 330764622 330764621 330764613 330764614 330764599 330764602 330764588 330764587 330764575 330764574
330764530: 37.807756 -107.666603 1173.3870000000002 330764622 330764621 330764613 330764614 330764599 330764602 330764588 330764576 330764571 330764550 330764547
330764638: 37.8166855 -107.6597526 573.809 330764622 330764621 330764620 330764619 330764618 330764623
330764552: 37.8084351 -107.663328 1121.54 330764622 330764621 330764613 330764614 330764599 330764602 330764588 330764581 330764570 330764551
330764584: 37.8137179 -107.6657607 923.08 330764622 330764621 330764613 330764614 330764599 330764602 330764588 330764587 330764586 330764585
330764524: 37.8069358 -107.667405 1288.6350000000002 330764622 330764621 330764613 330764614 330764599 330764602 330764588 330764576 330764571 330764550 330764547 330764530
330764576: 37.8111359 -107.6635211 710.159 330764622 330764621 330764613 330764614 330764599 330764602 330764588
3042563270: 37.8101077 -107.6617323 894.0339999999999 330764622 330764621 330764613 330764614 330764599 330764602 330764588 330764581 330764577
330764606: 37.8151535 -107.6638215 668.6279999999998 330764622 330764621 330764620 330764619 330764618 330764609 330764608 330764607
330764592: 37.8143313 -107.6645672 764.4209999999999 330764622 330764621 330764613 330764614 330764599 330764602 330764594 330764593
330764594: 37.8133163 -107.6628318 574.726 330764622 330764621 330764613 330764614 330764599 330764602
331058146: 37.8181665 -107.6566922 980.5399999999998 330764622 330764621 330764620 330764619 330764618 330764623 330764638 331058125 331058144
1826005504: 37.8111838 -107.6687122 1342.853 330764622 330764621 330764613 330764614 330764599 330764602 330764588 330764587 330764575 330764574 330764562 330764566 330764554
330098752: 37.8067716 -107.6714618 1782.9869999999996 330764622 330764621 330764613 330764614 330764599 330764602 330764588 330764587 330764575 330764574 330764562 330764557 330764542 330764525 330764520 330098741
330764604: 37.8155688 -107.6643634 735.7089999999998 330764622 330764621 330764620 330764619 330764618 330764609 330764608 330764607 330764606
330764644: 37.8160286 -107.656314 410.224 330764622 330764621 330764631 330764641
330764608: 37.8146809 -107.6629016 566.5709999999999 330764622 330764621 330764620 330764619 330764618 330764609
330764620: 37.8139881 -107.6594951 156.09199999999998 330764622 330764621
330764636: 37.8155794 -107.6604956 423.65599999999995 330764622 330764621 330764620 330764619 330764635
330764586: 37.8129837 -107.6644867 784.539 330764622 330764621 330764613 330764614 330764599 330764602 330764588 330764587
330764612: 37.8122441 -107.6587736 241.932 330764622 330764621 330764613
330764556: 37.810977 -107.6676383 1217.702 330764622 330764621 330764613 330764614 330764599 330764602 330764588 330764587 330764575 330764574 330764562 330764566
330098680: 37.8055774 -107.6699879 1638.529 330764622 330764621 330764613 330764614 330764599 330764602 330764588 330764576 330764571 330764550 330764547 330764530 330764524 330764521 330098685 330098683 330098681
330764598: 37.8117991 -107.6601952 289.291 330764622 330764621 330764613
1356606892: 37.8055113 -107.6712321 1762.809 330764622 330764621 330764613 330764614 330764599 330764602 330764588 330764576 330764571 330764550 330764547 330764530 330764524 330764521 330098685 330098683 330098694 330098669
330098694: 37.8056156 -107.6703259 1659.622 330764622 330764621 330764613 330764614 330764599 330764602 330764588 330764576 330764571 330764550 330764547 330764530 330764524 330764521 330098685 330098683
2084019368: 37.8114968 -107.6570223 598.222 330764622 330764621 330764613 330764598
330764526: 37.8082709 -107.6675015 1268.214 330764622 330764621 330764613 330764614 330764599 330764602 330764588 330764587 330764575 330764561 330764549 330764543
330764542: 37.8096228 -107.6675632 1243.5569999999998 330764622 330764621 330764613 330764614 330764599 330764602 330764588 330764587 330764575 330764574 330764562 330764557
330764520: 37.8079382 -107.6691538 1477.2539999999997 330764622 330764621 330764613 330764614 330764599 330764602 330764588 330764587 330764575 330764574 330764562 330764557 330764542 330764525
330764614: 37.8131426 -107.6602623 269.81499999999994 330764622 330764621 330764613
330764634: 37.8153336 -107.6596936 363.611 330764622 330764621 330764620 330764619 330764635
330764626: 37.8187672 -107.6622713 1103.87 330764622 330764621 330764620 330764619 330764618 330764609 330764608 330764615
330098653: 37.8044754 -107.6709965 1789.748 330764622 330764621 330764613 330764614 330764599 330764602 330764588 330764576 330764571 330764550 330764547 330764530 330764524 330764521 330098685 330098683 330098681 330098680
330764587: 37.8124751 -107.6636123 689.153 330764622 330764621 330764613 330764614 330764599 330764602 330764588
3042563877: 37.8088158 -107.6617505 1093.5819999999999 330764622 330764621 330764613 330764614 330764599 330764602 330764588 330764581 330764570 330764569
330764639: 37.8159925 -107.6585 442.11600000000004 330764622 330764621 330764631 330764641 330764640
330764619: 37.8145559 -107.6603964 257.35799999999995 330764622 330764621 330764620
330764547: 37.8085993 -107.6658037 1056.238 330764622 330764621 330764613 330764614 330764599 330764602 330764588 330764576 330764571 330764550
330764573: 37.812812 -107.6663857 1022.941 330764622 330764621 330764613 330764614 330764599 330764602 330764588 330764587 330764575 330764574 330764572
330764569: 37.8092732 -107.6625555 1006.472 330764622 330764621 330764613 330764614 330764599 330764602 330764588 330764581 330764570
330764643: 37.8165647 -107.6571214 502.87199999999996 330764622 330764621 330764631 330764641 330764644
330098681: 37.8057088 -107.6698619 1620.198 330764622 330764621 330764613 330764614 330764599 330764602 330764588 330764576 330764571 330764550 330764547 330764530 330764524 330764521 330098685 330098683
330098741: 37.8070608 -107.6699879 1599.2709999999997 330764622 330764621 330764613 330764614 330764599 330764602 330764588 330764587 330764575 330764574 330764562 330764557 330764542 330764525 330764520
330764543: 37.8091249 -107.666713 1150.673 330764622 330764621 330764613 330764614 330764599 330764602 330764588 330764587 330764575 330764561 330764549
2042183279: 37.8058594 -107.6657771 1477.4640000000002 330764622 330764621 330764613 330764614 330764599 330764602 330764588 330764576 330764571 330764550 330764547 330764530 330764524
331058125: 37.8180967 -107.6583566 833.6489999999999 330764622 330764621 330764620 330764619 330764618 330764623 330764638
330098685: 37.8065591 -107.6690796 1503.3090000000002 330764622 330764621 330764613 330764614 330764599 330764602 330764588 330764576 330764571 330764550 330764547 330764530 330764524 330764521
330764551: 37.808932 -107.6641836 1028.243 330764622 330764621 330764613 330764614 330764599 330764602 330764588 330764581 330764570
330764599: 37.8123267 -107.6610804 385.55499999999995 330764622 330764621 330764613 330764614
330764521: 37.8074359 -107.6682606 1382.1370000000002 330764622 330764621 330764613 330764614 330764599 330764602 330764588 330764576 330764571 330764550 330764547 330764530 330764524
330764609: 37.814166 -107.6620647 473.38999999999993 330764622 330764621 330764620 330764619 330764618
330764641: 37.8151704 -107.6571294 290.906 330764622 330764621 330764631
330764557: 37.8104726 -107.6667961 1127.495 330764622 330764621 330764613 330764614 330764599 330764602 330764588 330764587 330764575 330764574 330764562
330764621: 37.8134541 -107.6586234 59.193 330764622
330764519: 37.8084171 -107.6699987 1568.6069999999997 330764622 330764621 330764613 330764614 330764599 330764602 330764588 330764587 330764575 330764574 330764562 330764557 330764542 330764525 330764520
330764607: 37.8151958 -107.6637813 662.7459999999999 330764622 330764621 330764620 330764619 330764618 330764609 330764608
330764633: 37.8148398 -107.6587307 272.186 330764622 330764621 330764620
330098683: 37.8058212 -107.6697573 1604.6850000000002 330764622 330764621 330764613 330764614 330764599 330764602 330764588 330764576 330764571 330764550 330764547 330764530 330764524 330764521 330098685
330764623: 37.8156111 -107.6607156 427.4119999999999 330764622 330764621 330764620 330764619 330764618
330098703: 37.8031064 -107.6695588 2011.036 330764622 330764621 330764613 330764614 330764599 330764602 330764588 330764576 330764571 330764550 330764547 330764530 330764524 330764521 330098685 330098683 330098681 330098706
330764591: 37.8146344 -107.6650835 820.9599999999999 330764622 330764621 330764613 330764614 330764599 330764602 330764594 330764593 330764592
330764603: 37.8110377 -107.6608244 390.401 330764622 330764621 330764613 330764598
2042183459: 37.8059188 -107.6700764 1775.1019999999999 330764622 330764621 330764613 330764614 330764599 330764602 330764588 330764587 330764575 330764574 330764562 330764557 330764542 330764525 330764520 330098741 330098732
330764631: 37.8143249 -107.6578188 179.074 330764622 330764621
330764585: 37.813488 -107.665345 878.504 330764622 330764621 330764613 330764614 330764599 330764602 330764588 330764587 330764586
330764549: 37.8099492 -107.6659351 1036.343 330764622 330764621 330764613 330764614 330764599 330764602 330764588 330764587 330764575 330764561
330098641: 37.8040903 -107.6714193 1846.491 330764622 330764621 330764613 330764614 330764599 330764602 330764588 330764576 330764571 330764550 330764547 330764530 330764524 330764521 330098685 330098683 330098681 330098680 330098653
330764575: 37.8116381 -107.6644036 805.317 330764622 330764621 330764613 330764614 330764599 330764602 330764588 330764587
330764525: 37.8087682 -107.6683713 1362.1739999999998 330764622 330764621 330764613 330764614 330764599 330764602 330764588 330764587 330764575 330764574 330764562 330764557 330764542
330764637: 37.8156027 -107.6594844 398.726 330764622 330764621 330764620 330764619 330764635 330764634
330764615: 37.8161048 -107.6629069 776.0469999999999 330764622 330764621 330764620 330764619 330764618 330764609 330764608
330764635: 37.8152361 -107.6597821 350.27 330764622 330764621 330764620 330764619
330764561: 37.8108096 -107.6651412 917.948 330764622 330764621 330764613 330764614 330764599 330764602 330764588 330764587 330764575
330764593: 37.8138228 -107.6637223 671.117 330764622 330764621 330764613 330764614 330764599 330764602 330764594
330764613: 37.8126213 -107.6593879 173.58499999999998 330764622 330764621
330764571: 37.8102946 -107.6642856 825.319 330764622 330764621 330764613 330764614 330764599 330764602 330764588 330764576
330764581: 37.8106342 -107.6626378 795.266 330764622 330764621 330764613 330764614 330764599 330764602 330764588
330098669: 37.8056042 -107.6713351 1749.076 330764622 330764621 330764613 330764614 330764599 330764602 330764588 330764576 330764571 330764550 330764547 330764530 330764524 330764521 330098685 330098683 330098694
1826005507: 37.8043293 -107.6677159 1865.651 330764622 330764621 330764613 330764614 330764599 330764602 330764588 330764576 330764571 330764550 330764547 330764530 330764524 330764521 330098685 330098683 330098681 330098706
330764577: 37.8101346 -107.6617791 888.9499999999999 330764622 330764621 330764613 330764614 330764599 330764602 330764588 330764581
