1826005506: 37.8125684 -107.6687888 761.29 330764546 330764547 330764550 330764549 330764557 330764556 330764554
330764640: 37.8156472 -107.6578912 1223.0249999999999 330764546 330764551 330764570 330764581 330764588 330764602 330764599 330764614 330764620 330764633
331107624: 37.8037969 -107.6743977 1149.459 330764546 330764530 330764524 330764521 330098685 330098683 330098681 330098680 330098653 330098641
330764554: 37.8114601 -107.6685208 586.047 330764546 330764547 330764550 330764549 330764557 330764556
331058144: 37.8181867 -107.6574714 1558.1319999999996 330764546 330764551 330764570 330764581 330764588 330764587 330764594 330764609 330764618 330764623 330764638 331058125
330098706: 37.8046661 -107.6682955 822.0720000000001 330764546 330764530 330764524 330764521 330098685 330098683 330098681
330764588: 37.8119708 -107.6627674 548.757 330764546 330764551 330764570 330764581
330764622: 37.8131405 -107.6580789 1144.887 330764546 330764551 330764570 330764581 330764588 330764602 330764599 330764614 330764613 330764621
330764546: 37.8080865 -107.6649695 0.0 
330764562: 37.8113224 -107.666021 514.3129999999999 330764546 330764547 330764550 330764571 330764561
330764632: 37.8140283 -107.6572931 1262.323 330764546 330764551 330764570 330764581 330764588 330764602 330764599 330764614 330764613 330764621 330764631
330764570: 37.8097882 -107.6634165 233.286 330764546 330764551
330764618: 37.8150602 -107.6612439 996.635 330764546 330764551 330764570 330764581 330764588 330764587 330764594 330764609
330098732: 37.8062937 -107.6707095 726.378 330764546 330764530 330764524 330764521 330764520 330098741
330764602: 37.8128099 -107.6619172 668.2719999999999 330764546 330764551 330764570 330764581 330764588
330764566: 37.8118076 -107.6668819 605.507 330764546 330764547 330764550 330764549 330764557 330764556
330764550: 37.809447 -107.6650527 207.91199999999998 330764546 330764547
330764574: 37.8121361 -107.6652485 623.5039999999999 330764546 330764547 330764550 330764571 330764561 330764575
330764572: 37.812651 -107.6661068 718.1779999999999 330764546 330764547 330764550 330764571 330764561 330764575 330764574
330764530: 37.807756 -107.666603 193.018 330764546
330764638: 37.8166855 -107.6597526 1219.8829999999998 330764546 330764551 330764570 330764581 330764588 330764587 330764594 330764609 330764618 330764623
330764552: 37.8084351 -107.663328 198.865 330764546
330764584: 37.8137179 -107.6657607 875.707 330764546 330764551 330764570 330764581 330764588 330764587 330764586 330764585
330764524: 37.8069358 -107.667405 308.266 330764546 330764530
330764576: 37.8111359 -107.6635211 438.93499999999995 330764546 330764547 330764550 330764571
3042563270: 37.8101077 -107.6617323 437.242 330764546 330764552 330764569 330764577
330764606: 37.8151535 -107.6638215 1057.894 330764546 330764551 330764570 330764581 330764588 330764587 330764586 330764593 330764592
330764592: 37.8143313 -107.6645672 945.425 330764546 330764551 330764570 330764581 330764588 330764587 330764586 330764593
330764594: 37.8133163 -107.6628318 757.755 330764546 330764551 330764570 330764581 330764588 330764587
331058146: 37.8181665 -107.6566922 1626.6139999999996 330764546 330764551 330764570 330764581 330764588 330764587 330764594 330764609 330764618 330764623 330764638 331058125 331058144
1826005504: 37.8111838 -107.6687122 621.533 330764546 330764547 330764550 330764549 330764557 330764556 330764554
330098752: 37.8067716 -107.6714618 803.8180000000001 330764546 330764530 330764524 330764521 330764520 330098741
330764604: 37.8155688 -107.6643634 1124.975 330764546 330764551 330764570 330764581 330764588 330764587 330764586 330764593 330764592 330764606
330764644: 37.8160286 -107.656314 1427.7189999999998 330764546 330764551 330764570 330764581 330764588 330764602 330764599 330764614 330764620 330764633 330764640 330764641
330764608: 37.8146809 -107.6629016 966.9870000000001 330764546 330764551 330764570 330764581 330764588 330764587 330764594 330764609
330764620: 37.8139881 -107.6594951 990.7479999999999 330764546 330764551 330764570 330764581 330764588 330764602 330764599 330764614
330764636: 37.8155794 -107.6604956 1093.1299999999999 330764546 330764551 330764570 330764581 330764588 330764587 330764594 330764609 330764618 330764623
330764586: 37.8129837 -107.6644867 737.1659999999999 330764546 330764551 330764570 330764581 330764588 330764587
330764612: 37.8122441 -107.6587736 1039.649 330764546 330764551 330764570 330764581 330764588 330764602 330764599 330764614 330764613
330764556: 37.810977 -107.6676383 491.729 330764546 330764547 330764550 330764549 330764557
330098680: 37.8055774 -107.6699879 658.1600000000001 330764546 330764530 330764524 330764521 330098685 330098683 330098681
330764598: 37.8117991 -107.6601952 856.7439999999999 330764546 330764551 330764570 330764581 330764588 330764602 330764599
1356606892: 37.8055113 -107.6712321 782.4399999999999 330764546 330764530 330764524 330764521 330098685 330098683 330098694 330098669
330098694: 37.8056156 -107.6703259 679.253 330764546 330764530 330764524 330764521 330098685 330098683
2084019368: 37.8114968 -107.6570223 1165.675 330764546 330764551 330764570 330764581 330764588 330764602 330764599 330764598
330764526: 37.8082709 -107.6675015 290.531 330764546 330764530
330764542: 37.8096228 -107.6675632 284.807 330764546 330764547 330764543
330764520: 37.8079382 -107.6691538 498.08500000000004 330764546 330764530 330764524 330764521
330764614: 37.8131426 -107.6602623 875.0719999999999 330764546 330764551 330764570 330764581 330764588 330764602 330764599
330764634: 37.8153336 -107.6596936 1179.8569999999997 330764546 330764551 330764570 330764581 330764588 330764587 330764594 330764609 330764618 330764623 330764636 330764635
330764626: 37.8187672 -107.6622713 1504.286 330764546 330764551 330764570 330764581 330764588 330764587 330764594 330764609 330764608 330764615
330098653: 37.8044754 -107.6709965 809.3790000000001 330764546 330764530 330764524 330764521 330098685 330098683 330098681 330098680
330764587: 37.8124751 -107.6636123 641.78 330764546 330764551 330764570 330764581 330764588
3042563877: 37.8088158 -107.6617505 401.288 330764546 330764552 330764569
330764639: 37.8159925 -107.6585 1279.194 330764546 330764551 330764570 330764581 330764588 330764587 330764594 330764609 330764618 330764623 330764636 330764637
330764619: 37.8145559 -107.6603964 1089.838 330764546 330764551 330764570 330764581 330764588 330764587 330764594 330764609 330764618
330764547: 37.8085993 -107.6658037 92.856 330764546
330764573: 37.812812 -107.6663857 748.5219999999999 330764546 330764547 330764550 330764571 330764561 330764575 330764574 330764572
330764569: 37.8092732 -107.6625555 314.178 330764546 330764552
330764643: 37.8165647 -107.6571214 1416.1009999999999 330764546 330764551 330764570 330764581 330764588 330764587 330764594 330764609 330764618 330764623 330764636 330764637 330764639
330098681: 37.8057088 -107.6698619 639.8290000000001 330764546 330764530 330764524 330764521 330098685 330098683
330098741: 37.8070608 -107.6699879 620.1020000000001 330764546 330764530 330764524 330764521 330764520
330764543: 37.8091249 -107.666713 191.83499999999998 330764546 330764547
2042183279: 37.8058594 -107.6657771 497.095 330764546 330764530 330764524
331058125: 37.8180967 -107.6583566 1479.7229999999997 330764546 330764551 330764570 330764581 330764588 330764587 330764594 330764609 330764618 330764623 330764638
330098685: 37.8065591 -107.6690796 522.94 330764546 330764530 330764524 330764521
330764551: 37.808932 -107.6641836 116.644 330764546
330764599: 37.8123267 -107.6610804 759.3319999999999 330764546 330764551 330764570 330764581 330764588 330764602
330764521: 37.8074359 -107.6682606 401.76800000000003 330764546 330764530 330764524
330764609: 37.814166 -107.6620647 873.806 330764546 330764551 330764570 330764581 330764588 330764587 330764594
330764641: 37.8151704 -107.6571294 1308.4009999999998 330764546 330764551 330764570 330764581 330764588 330764602 330764599 330764614 330764620 330764633 330764640
330764557: 37.8104726 -107.6667961 398.887 330764546 330764547 330764550 330764549
330764621: 37.8134541 -107.6586234 1085.694 330764546 330764551 330764570 330764581 330764588 330764602 330764599 330764614 330764613
330764519: 37.8084171 -107.6699987 589.4380000000001 330764546 330764530 330764524 330764521 330764520
330764607: 37.8151958 -107.6637813 1063.162 330764546 330764551 330764570 330764581 330764588 330764587 330764594 330764609 330764608
330764633: 37.8148398 -107.6587307 1106.8419999999999 330764546 330764551 330764570 330764581 330764588 330764602 330764599 330764614 330764620
330098683: 37.8058212 -107.6697573 624.316 330764546 330764530 330764524 330764521 330098685
330764623: 37.8156111 -107.6607156 1073.4859999999999 330764546 330764551 330764570 330764581 330764588 330764587 330764594 330764609 330764618
330098703: 37.8031064 -107.6695588 1030.6670000000001 330764546 330764530 330764524 330764521 330098685 330098683 330098681 330098706
330764591: 37.8146344 -107.6650835 1001.9639999999999 330764546 330764551 330764570 330764581 330764588 330764587 330764586 330764593 330764592
330764603: 37.8110377 -107.6608244 957.8539999999999 330764546 330764551 330764570 330764581 330764588 330764602 330764599 330764598
2042183459: 37.8059188 -107.6700764 795.933 330764546 330764530 330764524 330764521 330764520 330098741 330098732
330764631: 37.8143249 -107.6578188 1205.575 330764546 330764551 330764570 330764581 330764588 330764602 330764599 330764614 330764613 330764621
330764585: 37.813488 -107.665345 831.131 330764546 330764551 330764570 330764581 330764588 330764587 330764586
330764549: 37.8099492 -107.6659351 303.45 330764546 330764547 330764550
330098641: 37.8040903 -107.6714193 866.1220000000001 330764546 330764530 330764524 330764521 330098685 330098683 330098681 330098680 330098653
330764575: 37.8116381 -107.6644036 530.8979999999999 330764546 330764547 330764550 330764571 330764561
330764525: 37.8087682 -107.6683713 384.853 330764546 330764530 330764526
330764637: 37.8156027 -107.6594844 1182.4669999999999 330764546 330764551 330764570 330764581 330764588 330764587 330764594 330764609 330764618 330764623 330764636
330764615: 37.8161048 -107.6629069 1176.463 330764546 330764551 330764570 330764581 330764588 330764587 330764594 330764609 330764608
330764635: 37.8152361 -107.6597821 1166.5159999999998 330764546 330764551 330764570 330764581 330764588 330764587 330764594 330764609 330764618 330764623 330764636
330764561: 37.8108096 -107.6651412 418.26699999999994 330764546 330764547 330764550 330764571
330764593: 37.8138228 -107.6637223 852.121 330764546 330764551 330764570 330764581 330764588 330764587 330764586
330764613: 37.8126213 -107.6593879 971.3019999999999 330764546 330764551 330764570 330764581 330764588 330764602 330764599 330764614
330764571: 37.8102946 -107.6642856 323.775 330764546 330764547 330764550
330764581: 37.8106342 -107.6626378 349.621 330764546 330764551 330764570
330098669: 37.8056042 -107.6713351 768.707 330764546 330764530 330764524 330764521 330098685 330098683 330098694
1826005507: 37.8043293 -107.6677159 885.2820000000002 330764546 330764530 330764524 330764521 330098685 330098683 330098681 330098706
330764577: 37.8101346 -107.6617791 432.158 330764546 330764552 330764569
