1826005506: 37.8125684 -107.6687888 1183.966 1356606892 330098669 330098694 330098683 330098685 330764521 330764526 330764543 330764542 330764557 330764556 330764554
330764640: 37.8156472 -107.6578912 1777.2969999999998 1356606892 330098669 330098694 330098683 330098685 330764521 330764526 330764543 330764549 330764561 330764575 330764587 330764594 330764609 330764618 330764623 330764636 330764637 330764639
331107624: 37.8037969 -107.6743977 463.26099999999997 1356606892 330098653 330098641
330764554: 37.8114601 -107.6685208 1008.723 1356606892 330098669 330098694 330098683 330098685 330764521 330764526 330764543 330764542 330764557 330764556
331058144: 37.8181867 -107.6574714 1990.4009999999994 1356606892 330098669 330098694 330098683 330098685 330764521 330764526 330764543 330764549 330764561 330764575 330764587 330764594 330764609 330764618 330764623 330764638 331058125
330098706: 37.8046661 -107.6682955 334.22299999999996 1356606892 330098669 330098694 330098680 330098681
330764588: 37.8119708 -107.6627674 1166.679 1356606892 330098669 330098694 330098683 330098685 330764521 330764524 330764530 330764547 330764550 330764571 330764576
330764622: 37.8131405 -107.6580789 1762.8090000000002 1356606892 330098669 330098694 330098683 330098685 330764521 330764524 330764530 330764547 330764550 330764571 330764576 330764588 330764602 330764599 330764614 330764613 330764621
330764546: 37.8080865 -107.6649695 782.44 1356606892 330098669 330098694 330098683 330098685 330764521 330764524 330764530
330764562: 37.8113224 -107.666021 938.034 1356606892 330098669 330098694 330098683 330098685 330764521 330764526 330764543 330764542 330764557
330764632: 37.8140283 -107.6572931 1880.2450000000003 1356606892 330098669 330098694 330098683 330098685 330764521 330764524 330764530 330764547 330764550 330764571 330764576 330764588 330764602 330764599 330764614 330764613 330764621 330764631
330764570: 37.8097882 -107.6634165 1015.7260000000001 1356606892 330098669 330098694 330098683 330098685 330764521 330764524 330764530 330764546 330764551
330764618: 37.8150602 -107.6612439 1428.9039999999998 1356606892 330098669 330098694 330098683 330098685 330764521 330764526 330764543 330764549 330764561 330764575 330764587 330764594 330764609
330098732: 37.8062937 -107.6707095 463.163 1356606892 330098669 330098694 330098683 330098685 330098741
330764602: 37.8128099 -107.6619172 1286.1940000000002 1356606892 330098669 330098694 330098683 330098685 330764521 330764524 330764530 330764547 330764550 330764571 330764576 330764588
330764566: 37.8118076 -107.6668819 1028.183 1356606892 330098669 330098694 330098683 330098685 330764521 330764526 330764543 330764542 330764557 330764556
330764550: 37.809447 -107.6650527 821.6270000000001 1356606892 330098669 330098694 330098683 330098685 330764521 330764524 330764530 330764547
330764574: 37.8121361 -107.6652485 1050.491 1356606892 330098669 330098694 330098683 330098685 330764521 330764526 330764543 330764549 330764561 330764575
330764572: 37.812651 -107.6661068 1144.077 1356606892 330098669 330098694 330098683 330098685 330764521 330764526 330764543 330764542 330764557 330764556 330764566
330764530: 37.807756 -107.666603 589.422 1356606892 330098669 330098694 330098683 330098685 330764521 330764524
330764638: 37.8166855 -107.6597526 1652.1519999999996 1356606892 330098669 330098694 330098683 330098685 330764521 330764526 330764543 330764549 330764561 330764575 330764587 330764594 330764609 330764618 330764623
330764552: 37.8084351 -107.663328 981.3050000000001 1356606892 330098669 330098694 330098683 330098685 330764521 330764524 330764530 330764546
330764584: 37.8137179 -107.6657607 1303.285 1356606892 330098669 330098694 330098683 330098685 330764521 330764526 330764543 330764542 330764557 330764556 330764566 330764572 330764585
330764524: 37.8069358 -107.667405 474.17400000000004 1356606892 330098669 330098694 330098683 330098685 330764521
330764576: 37.8111359 -107.6635211 1052.65 1356606892 330098669 330098694 330098683 330098685 330764521 330764524 330764530 330764547 330764550 330764571
3042563270: 37.8101077 -107.6617323 1219.682 1356606892 330098669 330098694 330098683 330098685 330764521 330764524 330764530 330764546 330764552 330764569 330764577
330764606: 37.8151535 -107.6638215 1486.81 1356606892 330098669 330098694 330098683 330098685 330764521 330764526 330764543 330764549 330764561 330764575 330764574 330764586 330764593 330764592
330764592: 37.8143313 -107.6645672 1374.341 1356606892 330098669 330098694 330098683 330098685 330764521 330764526 330764543 330764549 330764561 330764575 330764574 330764586 330764593
330764594: 37.8133163 -107.6628318 1190.024 1356606892 330098669 330098694 330098683 330098685 330764521 330764526 330764543 330764549 330764561 330764575 330764587
331058146: 37.8181665 -107.6566922 2058.8829999999994 1356606892 330098669 330098694 330098683 330098685 330764521 330764526 330764543 330764549 330764561 330764575 330764587 330764594 330764609 330764618 330764623 330764638 331058125 331058144
1826005504: 37.8111838 -107.6687122 1044.209 1356606892 330098669 330098694 330098683 330098685 330764521 330764526 330764543 330764542 330764557 330764556 330764554
330098752: 37.8067716 -107.6714618 540.6030000000001 1356606892 330098669 330098694 330098683 330098685 330098741
330764604: 37.8155688 -107.6643634 1553.8909999999998 1356606892 330098669 330098694 330098683 330098685 330764521 330764526 330764543 330764549 330764561 330764575 330764574 330764586 330764593 330764592 330764606
330764644: 37.8160286 -107.656314 1941.0179999999996 1356606892 330098669 330098694 330098683 330098685 330764521 330764526 330764543 330764549 330764561 330764575 330764587 330764594 330764609 330764618 330764623 330764636 330764637 330764639 330764643
330764608: 37.8146809 -107.6629016 1399.2559999999999 1356606892 330098669 330098694 330098683 330098685 330764521 330764526 330764543 330764549 330764561 330764575 330764587 330764594 330764609
330764620: 37.8139881 -107.6594951 1608.67 1356606892 330098669 330098694 330098683 330098685 330764521 330764524 330764530 330764547 330764550 330764571 330764576 330764588 330764602 330764599 330764614
330764636: 37.8155794 -107.6604956 1525.3989999999997 1356606892 330098669 330098694 330098683 330098685 330764521 330764526 330764543 330764549 330764561 330764575 330764587 330764594 330764609 330764618 330764623
330764586: 37.8129837 -107.6644867 1166.0819999999999 1356606892 330098669 330098694 330098683 330098685 330764521 330764526 330764543 330764549 330764561 330764575 330764574
330764612: 37.8122441 -107.6587736 1657.5710000000001 1356606892 330098669 330098694 330098683 330098685 330764521 330764524 330764530 330764547 330764550 330764571 330764576 330764588 330764602 330764599 330764614 330764613
330764556: 37.810977 -107.6676383 914.405 1356606892 330098669 330098694 330098683 330098685 330764521 330764526 330764543 330764542 330764557
330098680: 37.8055774 -107.6699879 133.649 1356606892 330098669 330098694
330764598: 37.8117991 -107.6601952 1474.6660000000002 1356606892 330098669 330098694 330098683 330098685 330764521 330764524 330764530 330764547 330764550 330764571 330764576 330764588 330764602 330764599
1356606892: 37.8055113 -107.6712321 0.0 
330098694: 37.8056156 -107.6703259 103.187 1356606892 330098669
2084019368: 37.8114968 -107.6570223 1783.5970000000002 1356606892 330098669 330098694 330098683 330098685 330764521 330764524 330764530 330764547 330764550 330764571 330764576 330764588 330764602 330764599 330764598
330764526: 37.8082709 -107.6675015 494.98800000000006 1356606892 330098669 330098694 330098683 330098685 330764521
330764542: 37.8096228 -107.6675632 705.501 1356606892 330098669 330098694 330098683 330098685 330764521 330764526 330764543
330764520: 37.8079382 -107.6691538 476.98900000000003 1356606892 330098669 330098694 330098683 330098685 330764521
330764614: 37.8131426 -107.6602623 1492.9940000000001 1356606892 330098669 330098694 330098683 330098685 330764521 330764524 330764530 330764547 330764550 330764571 330764576 330764588 330764602 330764599
330764634: 37.8153336 -107.6596936 1612.1259999999995 1356606892 330098669 330098694 330098683 330098685 330764521 330764526 330764543 330764549 330764561 330764575 330764587 330764594 330764609 330764618 330764623 330764636 330764635
330764626: 37.8187672 -107.6622713 1936.5549999999998 1356606892 330098669 330098694 330098683 330098685 330764521 330764526 330764543 330764549 330764561 330764575 330764587 330764594 330764609 330764608 330764615
330098653: 37.8044754 -107.6709965 123.18099999999998 1356606892
330764587: 37.8124751 -107.6636123 1074.049 1356606892 330098669 330098694 330098683 330098685 330764521 330764526 330764543 330764549 330764561 330764575
3042563877: 37.8088158 -107.6617505 1183.7279999999998 1356606892 330098669 330098694 330098683 330098685 330764521 330764524 330764530 330764546 330764552 330764569
330764639: 37.8159925 -107.6585 1711.4629999999997 1356606892 330098669 330098694 330098683 330098685 330764521 330764526 330764543 330764549 330764561 330764575 330764587 330764594 330764609 330764618 330764623 330764636 330764637
330764619: 37.8145559 -107.6603964 1522.1069999999997 1356606892 330098669 330098694 330098683 330098685 330764521 330764526 330764543 330764549 330764561 330764575 330764587 330764594 330764609 330764618
330764547: 37.8085993 -107.6658037 706.571 1356606892 330098669 330098694 330098683 330098685 330764521 330764524 330764530
330764573: 37.812812 -107.6663857 1174.421 1356606892 330098669 330098694 330098683 330098685 330764521 330764526 330764543 330764542 330764557 330764556 330764566 330764572
330764569: 37.8092732 -107.6625555 1096.618 1356606892 330098669 330098694 330098683 330098685 330764521 330764524 330764530 330764546 330764552
330764643: 37.8165647 -107.6571214 1848.3699999999997 1356606892 330098669 330098694 330098683 330098685 330764521 330764526 330764543 330764549 330764561 330764575 330764587 330764594 330764609 330764618 330764623 330764636 330764637 330764639
330098681: 37.8057088 -107.6698619 151.98 1356606892 330098669 330098694 330098680
330098741: 37.8070608 -107.6699879 356.887 1356606892 330098669 330098694 330098683 330098685
330764543: 37.8091249 -107.666713 612.529 1356606892 330098669 330098694 330098683 330098685 330764521 330764526
2042183279: 37.8058594 -107.6657771 663.003 1356606892 330098669 330098694 330098683 330098685 330764521 330764524
331058125: 37.8180967 -107.6583566 1911.9919999999995 1356606892 330098669 330098694 330098683 330098685 330764521 330764526 330764543 330764549 330764561 330764575 330764587 330764594 330764609 330764618 330764623 330764638
330098685: 37.8065591 -107.6690796 259.5 1356606892 330098669 330098694 330098683
330764551: 37.808932 -107.6641836 899.0840000000001 1356606892 330098669 330098694 330098683 330098685 330764521 330764524 330764530 330764546
330764599: 37.8123267 -107.6610804 1377.2540000000001 1356606892 330098669 330098694 330098683 330098685 330764521 330764524 330764530 330764547 330764550 330764571 330764576 330764588 330764602
330764521: 37.8074359 -107.6682606 380.672 1356606892 330098669 330098694 330098683 330098685
330764609: 37.814166 -107.6620647 1306.0749999999998 1356606892 330098669 330098694 330098683 330098685 330764521 330764526 330764543 330764549 330764561 330764575 330764587 330764594
330764641: 37.8151704 -107.6571294 1862.6729999999998 1356606892 330098669 330098694 330098683 330098685 330764521 330764526 330764543 330764549 330764561 330764575 330764587 330764594 330764609 330764618 330764623 330764636 330764637 330764639 330764640
330764557: 37.8104726 -107.6667961 821.563 1356606892 330098669 330098694 330098683 330098685 330764521 330764526 330764543 330764542
330764621: 37.8134541 -107.6586234 1703.6160000000002 1356606892 330098669 330098694 330098683 330098685 330764521 330764524 330764530 330764547 330764550 330764571 330764576 330764588 330764602 330764599 330764614 330764613
330764519: 37.8084171 -107.6699987 568.3420000000001 1356606892 330098669 330098694 330098683 330098685 330764521 330764520
330764607: 37.8151958 -107.6637813 1492.692 1356606892 330098669 330098694 330098683 330098685 330764521 330764526 330764543 330764549 330764561 330764575 330764574 330764586 330764593 330764592 330764606
330764633: 37.8148398 -107.6587307 1712.9689999999996 1356606892 330098669 330098694 330098683 330098685 330764521 330764526 330764543 330764549 330764561 330764575 330764587 330764594 330764609 330764618 330764623 330764636 330764635 330764634
330098683: 37.8058212 -107.6697573 158.124 1356606892 330098669 330098694
330764623: 37.8156111 -107.6607156 1505.7549999999997 1356606892 330098669 330098694 330098683 330098685 330764521 330764526 330764543 330764549 330764561 330764575 330764587 330764594 330764609 330764618
330098703: 37.8031064 -107.6695588 542.818 1356606892 330098669 330098694 330098680 330098681 330098706
330764591: 37.8146344 -107.6650835 1430.8799999999999 1356606892 330098669 330098694 330098683 330098685 330764521 330764526 330764543 330764549 330764561 330764575 330764574 330764586 330764593 330764592
330764603: 37.8110377 -107.6608244 1575.776 1356606892 330098669 330098694 330098683 330098685 330764521 330764524 330764530 330764547 330764550 330764571 330764576 330764588 330764602 330764599 330764598
2042183459: 37.8059188 -107.6700764 532.718 1356606892 330098669 330098694 330098683 330098685 330098741 330098732
330764631: 37.8143249 -107.6578188 1823.4970000000003 1356606892 330098669 330098694 330098683 330098685 330764521 330764524 330764530 330764547 330764550 330764571 330764576 330764588 330764602 330764599 330764614 330764613 330764621
330764585: 37.813488 -107.665345 1258.709 1356606892 330098669 330098694 330098683 330098685 330764521 330764526 330764543 330764542 330764557 330764556 330764566 330764572
330764549: 37.8099492 -107.6659351 726.859 1356606892 330098669 330098694 330098683 330098685 330764521 330764526 330764543
330098641: 37.8040903 -107.6714193 179.92399999999998 1356606892 330098653
330764575: 37.8116381 -107.6644036 957.885 1356606892 330098669 330098694 330098683 330098685 330764521 330764526 330764543 330764549 330764561
330764525: 37.8087682 -107.6683713 589.3100000000001 1356606892 330098669 330098694 330098683 330098685 330764521 330764526
330764637: 37.8156027 -107.6594844 1614.7359999999996 1356606892 330098669 330098694 330098683 330098685 330764521 330764526 330764543 330764549 330764561 330764575 330764587 330764594 330764609 330764618 330764623 330764636
330764615: 37.8161048 -107.6629069 1608.7319999999997 1356606892 330098669 330098694 330098683 330098685 330764521 330764526 330764543 330764549 330764561 330764575 330764587 330764594 330764609 330764608
330764635: 37.8152361 -107.6597821 1598.7849999999996 1356606892 330098669 330098694 330098683 330098685 330764521 330764526 330764543 330764549 330764561 330764575 330764587 330764594 330764609 330764618 330764623 330764636
330764561: 37.8108096 -107.6651412 845.254 1356606892 330098669 330098694 330098683 330098685 330764521 330764526 330764543 330764549
330764593: 37.8138228 -107.6637223 1281.0369999999998 1356606892 330098669 330098694 330098683 330098685 330764521 330764526 330764543 330764549 330764561 330764575 330764574 330764586
330764613: 37.8126213 -107.6593879 1589.2240000000002 1356606892 330098669 330098694 330098683 330098685 330764521 330764524 330764530 330764547 330764550 330764571 330764576 330764588 330764602 330764599 330764614
330764571: 37.8102946 -107.6642856 937.49 1356606892 330098669 330098694 330098683 330098685 330764521 330764524 330764530 330764547 330764550
330764581: 37.8106342 -107.6626378 1132.0610000000001 1356606892 330098669 330098694 330098683 330098685 330764521 330764524 330764530 330764546 330764551 330764570
330098669: 37.8056042 -107.6713351 13.733 1356606892
1826005507: 37.8043293 -107.6677159 397.43299999999994 1356606892 330098669 330098694 330098680 330098681 330098706
330764577: 37.8101346 -107.6617791 1214.598 1356606892 330098669 330098694 330098683 330098685 330764521 330764524 330764530 330764546 330764552 330764569
