1826005506: 37.8125684 -107.6687888 571.4369999999999 330764543 330764542 330764557 330764556 330764554
330764640: 37.8156472 -107.6578912 1164.768 330764543 330764549 330764561 330764575 330764587 330764594 330764609 330764618 330764623 330764636 330764637 330764639
331107624: 37.8037969 -107.6743977 979.548 330764543 330764526 330764521 330098685 330098683 330098681 330098680 330098653 330098641
330764554: 37.8114601 -107.6685208 396.19399999999996 330764543 330764542 330764557 330764556
331058144: 37.8181867 -107.6574714 1377.8719999999998 330764543 330764549 330764561 330764575 330764587 330764594 330764609 330764618 330764623 330764638 331058125
330098706: 37.8046661 -107.6682955 652.161 330764543 330764526 330764521 330098685 330098683 330098681
330764588: 37.8119708 -107.6627674 554.543 330764543 330764549 330764561 330764575 330764587
330764622: 37.8131405 -107.6580789 1150.673 330764543 330764549 330764561 330764575 330764587 330764588 330764602 330764599 330764614 330764613 330764621
330764546: 37.8080865 -107.6649695 191.83499999999998 330764543 330764547
330764562: 37.8113224 -107.666021 325.505 330764543 330764542 330764557
330764632: 37.8140283 -107.6572931 1268.1090000000002 330764543 330764549 330764561 330764575 330764587 330764588 330764602 330764599 330764614 330764613 330764621 330764631
330764570: 37.8097882 -107.6634165 420.599 330764543 330764549 330764550 330764571
330764618: 37.8150602 -107.6612439 816.375 330764543 330764549 330764561 330764575 330764587 330764594 330764609
330098732: 37.8062937 -107.6707095 554.962 330764543 330764542 330764525 330764520 330098741
330764602: 37.8128099 -107.6619172 674.058 330764543 330764549 330764561 330764575 330764587 330764588
330764566: 37.8118076 -107.6668819 415.654 330764543 330764542 330764557 330764556
330764550: 37.809447 -107.6650527 209.868 330764543 330764549
330764574: 37.8121361 -107.6652485 437.962 330764543 330764549 330764561 330764575
330764572: 37.812651 -107.6661068 531.548 330764543 330764542 330764557 330764556 330764566
330764530: 37.807756 -107.666603 215.054 330764543 330764526
330764638: 37.8166855 -107.6597526 1039.623 330764543 330764549 330764561 330764575 330764587 330764594 330764609 330764618 330764623
330764552: 37.8084351 -107.663328 390.7 330764543 330764547 330764546
330764584: 37.8137179 -107.6657607 690.7560000000001 330764543 330764542 330764557 330764556 330764566 330764572 330764585
330764524: 37.8069358 -107.667405 325.359 330764543 330764526 330764521
330764576: 37.8111359 -107.6635211 440.89099999999996 330764543 330764549 330764550 330764571
3042563270: 37.8101077 -107.6617323 629.0769999999999 330764543 330764547 330764546 330764552 330764569 330764577
330764606: 37.8151535 -107.6638215 874.281 330764543 330764549 330764561 330764575 330764574 330764586 330764593 330764592
330764592: 37.8143313 -107.6645672 761.812 330764543 330764549 330764561 330764575 330764574 330764586 330764593
330764594: 37.8133163 -107.6628318 577.495 330764543 330764549 330764561 330764575 330764587
331058146: 37.8181665 -107.6566922 1446.3539999999998 330764543 330764549 330764561 330764575 330764587 330764594 330764609 330764618 330764623 330764638 331058125 331058144
1826005504: 37.8111838 -107.6687122 431.67999999999995 330764543 330764542 330764557 330764556 330764554
330098752: 37.8067716 -107.6714618 632.402 330764543 330764542 330764525 330764520 330098741
330764604: 37.8155688 -107.6643634 941.362 330764543 330764549 330764561 330764575 330764574 330764586 330764593 330764592 330764606
330764644: 37.8160286 -107.656314 1328.4889999999998 330764543 330764549 330764561 330764575 330764587 330764594 330764609 330764618 330764623 330764636 330764637 330764639 330764643
330764608: 37.8146809 -107.6629016 786.7270000000001 330764543 330764549 330764561 330764575 330764587 330764594 330764609
330764620: 37.8139881 -107.6594951 996.534 330764543 330764549 330764561 330764575 330764587 330764588 330764602 330764599 330764614
330764636: 37.8155794 -107.6604956 912.87 330764543 330764549 330764561 330764575 330764587 330764594 330764609 330764618 330764623
330764586: 37.8129837 -107.6644867 553.553 330764543 330764549 330764561 330764575 330764574
330764612: 37.8122441 -107.6587736 1045.435 330764543 330764549 330764561 330764575 330764587 330764588 330764602 330764599 330764614 330764613
330764556: 37.810977 -107.6676383 301.876 330764543 330764542 330764557
330098680: 37.8055774 -107.6699879 488.24899999999997 330764543 330764526 330764521 330098685 330098683 330098681
330764598: 37.8117991 -107.6601952 862.53 330764543 330764549 330764561 330764575 330764587 330764588 330764602 330764599
1356606892: 37.8055113 -107.6712321 612.5289999999999 330764543 330764526 330764521 330098685 330098683 330098694 330098669
330098694: 37.8056156 -107.6703259 509.342 330764543 330764526 330764521 330098685 330098683
2084019368: 37.8114968 -107.6570223 1171.461 330764543 330764549 330764561 330764575 330764587 330764588 330764602 330764599 330764598
330764526: 37.8082709 -107.6675015 117.541 330764543
330764542: 37.8096228 -107.6675632 92.97200000000001 330764543
330764520: 37.8079382 -107.6691538 326.669 330764543 330764542 330764525
330764614: 37.8131426 -107.6602623 880.858 330764543 330764549 330764561 330764575 330764587 330764588 330764602 330764599
330764634: 37.8153336 -107.6596936 999.597 330764543 330764549 330764561 330764575 330764587 330764594 330764609 330764618 330764623 330764636 330764635
330764626: 37.8187672 -107.6622713 1324.026 330764543 330764549 330764561 330764575 330764587 330764594 330764609 330764608 330764615
330098653: 37.8044754 -107.6709965 639.468 330764543 330764526 330764521 330098685 330098683 330098681 330098680
330764587: 37.8124751 -107.6636123 461.52 330764543 330764549 330764561 330764575
3042563877: 37.8088158 -107.6617505 593.1229999999999 330764543 330764547 330764546 330764552 330764569
330764639: 37.8159925 -107.6585 1098.934 330764543 330764549 330764561 330764575 330764587 330764594 330764609 330764618 330764623 330764636 330764637
330764619: 37.8145559 -107.6603964 909.578 330764543 330764549 330764561 330764575 330764587 330764594 330764609 330764618
330764547: 37.8085993 -107.6658037 98.979 330764543
330764573: 37.812812 -107.6663857 561.892 330764543 330764542 330764557 330764556 330764566 330764572
330764569: 37.8092732 -107.6625555 506.013 330764543 330764547 330764546 330764552
330764643: 37.8165647 -107.6571214 1235.841 330764543 330764549 330764561 330764575 330764587 330764594 330764609 330764618 330764623 330764636 330764637 330764639
330098681: 37.8057088 -107.6698619 469.91799999999995 330764543 330764526 330764521 330098685 330098683
330098741: 37.8070608 -107.6699879 448.686 330764543 330764542 330764525 330764520
330764543: 37.8091249 -107.666713 0.0 
2042183279: 37.8058594 -107.6657771 514.188 330764543 330764526 330764521 330764524
331058125: 37.8180967 -107.6583566 1299.463 330764543 330764549 330764561 330764575 330764587 330764594 330764609 330764618 330764623 330764638
330098685: 37.8065591 -107.6690796 353.029 330764543 330764526 330764521
330764551: 37.808932 -107.6641836 305.308 330764543 330764549 330764550
330764599: 37.8123267 -107.6610804 765.1179999999999 330764543 330764549 330764561 330764575 330764587 330764588 330764602
330764521: 37.8074359 -107.6682606 231.857 330764543 330764526
330764609: 37.814166 -107.6620647 693.546 330764543 330764549 330764561 330764575 330764587 330764594
330764641: 37.8151704 -107.6571294 1250.144 330764543 330764549 330764561 330764575 330764587 330764594 330764609 330764618 330764623 330764636 330764637 330764639 330764640
330764557: 37.8104726 -107.6667961 209.034 330764543 330764542
330764621: 37.8134541 -107.6586234 1091.48 330764543 330764549 330764561 330764575 330764587 330764588 330764602 330764599 330764614 330764613
330764519: 37.8084171 -107.6699987 418.022 330764543 330764542 330764525 330764520
330764607: 37.8151958 -107.6637813 880.1629999999999 330764543 330764549 330764561 330764575 330764574 330764586 330764593 330764592 330764606
330764633: 37.8148398 -107.6587307 1100.44 330764543 330764549 330764561 330764575 330764587 330764594 330764609 330764618 330764623 330764636 330764635 330764634
330098683: 37.8058212 -107.6697573 454.405 330764543 330764526 330764521 330098685
330764623: 37.8156111 -107.6607156 893.226 330764543 330764549 330764561 330764575 330764587 330764594 330764609 330764618
330098703: 37.8031064 -107.6695588 860.756 330764543 330764526 330764521 330098685 330098683 330098681 330098706
330764591: 37.8146344 -107.6650835 818.351 330764543 330764549 330764561 330764575 330764574 330764586 330764593 330764592
330764603: 37.8110377 -107.6608244 963.64 330764543 330764549 330764561 330764575 330764587 330764588 330764602 330764599 330764598
2042183459: 37.8059188 -107.6700764 624.5169999999999 330764543 330764542 330764525 330764520 330098741 330098732
330764631: 37.8143249 -107.6578188 1211.361 330764543 330764549 330764561 330764575 330764587 330764588 330764602 330764599 330764614 330764613 330764621
330764585: 37.813488 -107.665345 646.1800000000001 330764543 330764542 330764557 330764556 330764566 330764572
330764549: 37.8099492 -107.6659351 114.33 330764543
330098641: 37.8040903 -107.6714193 696.211 330764543 330764526 330764521 330098685 330098683 330098681 330098680 330098653
330764575: 37.8116381 -107.6644036 345.356 330764543 330764549 330764561
330764525: 37.8087682 -107.6683713 211.589 330764543 330764542
330764637: 37.8156027 -107.6594844 1002.207 330764543 330764549 330764561 330764575 330764587 330764594 330764609 330764618 330764623 330764636
330764615: 37.8161048 -107.6629069 996.2030000000001 330764543 330764549 330764561 330764575 330764587 330764594 330764609 330764608
330764635: 37.8152361 -107.6597821 986.256 330764543 330764549 330764561 330764575 330764587 330764594 330764609 330764618 330764623 330764636
330764561: 37.8108096 -107.6651412 232.725 330764543 330764549
330764593: 37.8138228 -107.6637223 668.508 330764543 330764549 330764561 330764575 330764574 330764586
330764613: 37.8126213 -107.6593879 977.088 330764543 330764549 330764561 330764575 330764587 330764588 330764602 330764599 330764614
330764571: 37.8102946 -107.6642856 325.731 330764543 330764549 330764550
330764581: 37.8106342 -107.6626378 536.4599999999999 330764543 330764549 330764550 330764571 330764576
330098669: 37.8056042 -107.6713351 598.7959999999999 330764543 330764526 330764521 330098685 330098683 330098694
1826005507: 37.8043293 -107.6677159 715.371 330764543 330764526 330764521 330098685 330098683 330098681 330098706
330764577: 37.8101346 -107.6617791 623.9929999999999 330764543 330764547 330764546 330764552 330764569
