1826005506: 37.8125684 -107.6687888 967.173 3042563270 330764577 330764581 330764576 330764575 330764574 330764562 330764566 330764554
330764640: 37.8156472 -107.6578912 972.172 3042563270 330764577 330764581 330764588 330764602 330764599 330764614 330764620 330764633
331107624: 37.8037969 -107.6743977 1586.7009999999998 3042563270 330764577 330764569 330764552 330764546 330764530 330764524 330764521 330098685 330098683 330098681 330098680 330098653 330098641
330764554: 37.8114601 -107.6685208 791.93 3042563270 330764577 330764581 330764576 330764575 330764574 330764562 330764566
331058144: 37.8181867 -107.6574714 1307.279 3042563270 330764577 330764581 330764588 330764587 330764594 330764609 330764618 330764623 330764638 331058125
330098706: 37.8046661 -107.6682955 1259.3139999999999 3042563270 330764577 330764569 330764552 330764546 330764530 330764524 330764521 330098685 330098683 330098681
330764588: 37.8119708 -107.6627674 297.904 3042563270 330764577 330764581
330764622: 37.8131405 -107.6580789 894.0339999999999 3042563270 330764577 330764581 330764588 330764602 330764599 330764614 330764613 330764621
330764546: 37.8080865 -107.6649695 437.24199999999996 3042563270 330764577 330764569 330764552
330764562: 37.8113224 -107.666021 495.587 3042563270 330764577 330764581 330764576 330764575 330764574
330764632: 37.8140283 -107.6572931 1011.4699999999999 3042563270 330764577 330764581 330764588 330764602 330764599 330764614 330764613 330764621 330764631
330764570: 37.8097882 -107.6634165 215.103 3042563270 330764577 330764581
330764618: 37.8150602 -107.6612439 745.7820000000002 3042563270 330764577 330764581 330764588 330764587 330764594 330764609
330098732: 37.8062937 -107.6707095 1163.6200000000001 3042563270 330764577 330764569 330764552 330764546 330764530 330764524 330764521 330764520 330098741
330764602: 37.8128099 -107.6619172 417.419 3042563270 330764577 330764581 330764588
330764566: 37.8118076 -107.6668819 588.487 3042563270 330764577 330764581 330764576 330764575 330764574 330764562
330764550: 37.809447 -107.6650527 425.35999999999996 3042563270 330764577 330764581 330764576 330764571
330764574: 37.8121361 -107.6652485 382.486 3042563270 330764577 330764581 330764576 330764575
330764572: 37.812651 -107.6661068 477.15999999999997 3042563270 330764577 330764581 330764576 330764575 330764574
330764530: 37.807756 -107.666603 630.26 3042563270 330764577 330764569 330764552 330764546
330764638: 37.8166855 -107.6597526 969.0300000000002 3042563270 330764577 330764581 330764588 330764587 330764594 330764609 330764618 330764623
330764552: 37.8084351 -107.663328 238.37699999999998 3042563270 330764577 330764569
330764584: 37.8137179 -107.6657607 624.854 3042563270 330764577 330764581 330764588 330764587 330764586 330764585
330764524: 37.8069358 -107.667405 745.508 3042563270 330764577 330764569 330764552 330764546 330764530
330764576: 37.8111359 -107.6635211 194.337 3042563270 330764577 330764581
3042563270: 37.8101077 -107.6617323 0.0 
330764606: 37.8151535 -107.6638215 807.0409999999999 3042563270 330764577 330764581 330764588 330764587 330764586 330764593 330764592
330764592: 37.8143313 -107.6645672 694.572 3042563270 330764577 330764581 330764588 330764587 330764586 330764593
330764594: 37.8133163 -107.6628318 506.90200000000004 3042563270 330764577 330764581 330764588 330764587
331058146: 37.8181665 -107.6566922 1375.761 3042563270 330764577 330764581 330764588 330764587 330764594 330764609 330764618 330764623 330764638 331058125 331058144
1826005504: 37.8111838 -107.6687122 827.4159999999999 3042563270 330764577 330764581 330764576 330764575 330764574 330764562 330764566 330764554
330098752: 37.8067716 -107.6714618 1241.06 3042563270 330764577 330764569 330764552 330764546 330764530 330764524 330764521 330764520 330098741
330764604: 37.8155688 -107.6643634 874.122 3042563270 330764577 330764581 330764588 330764587 330764586 330764593 330764592 330764606
330764644: 37.8160286 -107.656314 1176.866 3042563270 330764577 330764581 330764588 330764602 330764599 330764614 330764620 330764633 330764640 330764641
330764608: 37.8146809 -107.6629016 716.1340000000001 3042563270 330764577 330764581 330764588 330764587 330764594 330764609
330764620: 37.8139881 -107.6594951 739.895 3042563270 330764577 330764581 330764588 330764602 330764599 330764614
330764636: 37.8155794 -107.6604956 842.2770000000002 3042563270 330764577 330764581 330764588 330764587 330764594 330764609 330764618 330764623
330764586: 37.8129837 -107.6644867 486.313 3042563270 330764577 330764581 330764588 330764587
330764612: 37.8122441 -107.6587736 788.7959999999999 3042563270 330764577 330764581 330764588 330764602 330764599 330764614 330764613
330764556: 37.810977 -107.6676383 702.265 3042563270 330764577 330764581 330764576 330764575 330764574 330764562 330764566
330098680: 37.8055774 -107.6699879 1095.4019999999998 3042563270 330764577 330764569 330764552 330764546 330764530 330764524 330764521 330098685 330098683 330098681
330764598: 37.8117991 -107.6601952 605.891 3042563270 330764577 330764581 330764588 330764602 330764599
1356606892: 37.8055113 -107.6712321 1219.6819999999998 3042563270 330764577 330764569 330764552 330764546 330764530 330764524 330764521 330098685 330098683 330098694 330098669
330098694: 37.8056156 -107.6703259 1116.495 3042563270 330764577 330764569 330764552 330764546 330764530 330764524 330764521 330098685 330098683
2084019368: 37.8114968 -107.6570223 914.8219999999999 3042563270 330764577 330764581 330764588 330764602 330764599 330764598
330764526: 37.8082709 -107.6675015 727.773 3042563270 330764577 330764569 330764552 330764546 330764530
330764542: 37.8096228 -107.6675632 722.049 3042563270 330764577 330764569 330764552 330764546 330764547 330764543
330764520: 37.8079382 -107.6691538 935.327 3042563270 330764577 330764569 330764552 330764546 330764530 330764524 330764521
330764614: 37.8131426 -107.6602623 624.2189999999999 3042563270 330764577 330764581 330764588 330764602 330764599
330764634: 37.8153336 -107.6596936 929.0040000000001 3042563270 330764577 330764581 330764588 330764587 330764594 330764609 330764618 330764623 330764636 330764635
330764626: 37.8187672 -107.6622713 1253.433 3042563270 330764577 330764581 330764588 330764587 330764594 330764609 330764608 330764615
330098653: 37.8044754 -107.6709965 1246.6209999999999 3042563270 330764577 330764569 330764552 330764546 330764530 330764524 330764521 330098685 330098683 330098681 330098680
330764587: 37.8124751 -107.6636123 390.927 3042563270 330764577 330764581 330764588
3042563877: 37.8088158 -107.6617505 210.17399999999998 3042563270 330764577 330764569
330764639: 37.8159925 -107.6585 1028.3410000000001 3042563270 330764577 330764581 330764588 330764587 330764594 330764609 330764618 330764623 330764636 330764637
330764619: 37.8145559 -107.6603964 838.9850000000001 3042563270 330764577 330764581 330764588 330764587 330764594 330764609 330764618
330764547: 37.8085993 -107.6658037 530.098 3042563270 330764577 330764569 330764552 330764546
330764573: 37.812812 -107.6663857 507.50399999999996 3042563270 330764577 330764581 330764576 330764575 330764574 330764572
330764569: 37.8092732 -107.6625555 123.064 3042563270 330764577
330764643: 37.8165647 -107.6571214 1165.248 3042563270 330764577 330764581 330764588 330764587 330764594 330764609 330764618 330764623 330764636 330764637 330764639
330098681: 37.8057088 -107.6698619 1077.071 3042563270 330764577 330764569 330764552 330764546 330764530 330764524 330764521 330098685 330098683
330098741: 37.8070608 -107.6699879 1057.344 3042563270 330764577 330764569 330764552 330764546 330764530 330764524 330764521 330764520
330764543: 37.8091249 -107.666713 629.077 3042563270 330764577 330764569 330764552 330764546 330764547
2042183279: 37.8058594 -107.6657771 934.337 3042563270 330764577 330764569 330764552 330764546 330764530 330764524
331058125: 37.8180967 -107.6583566 1228.8700000000001 3042563270 330764577 330764581 330764588 330764587 330764594 330764609 330764618 330764623 330764638
330098685: 37.8065591 -107.6690796 960.182 3042563270 330764577 330764569 330764552 330764546 330764530 330764524 330764521
330764551: 37.808932 -107.6641836 331.674 3042563270 330764577 330764569 330764552
330764599: 37.8123267 -107.6610804 508.479 3042563270 330764577 330764581 330764588 330764602
330764521: 37.8074359 -107.6682606 839.01 3042563270 330764577 330764569 330764552 330764546 330764530 330764524
330764609: 37.814166 -107.6620647 622.9530000000001 3042563270 330764577 330764581 330764588 330764587 330764594
330764641: 37.8151704 -107.6571294 1057.548 3042563270 330764577 330764581 330764588 330764602 330764599 330764614 330764620 330764633 330764640
330764557: 37.8104726 -107.6667961 612.058 3042563270 330764577 330764581 330764576 330764575 330764574 330764562
330764621: 37.8134541 -107.6586234 834.8409999999999 3042563270 330764577 330764581 330764588 330764602 330764599 330764614 330764613
330764519: 37.8084171 -107.6699987 1026.68 3042563270 330764577 330764569 330764552 330764546 330764530 330764524 330764521 330764520
330764607: 37.8151958 -107.6637813 812.3090000000002 3042563270 330764577 330764581 330764588 330764587 330764594 330764609 330764608
330764633: 37.8148398 -107.6587307 855.989 3042563270 330764577 330764581 330764588 330764602 330764599 330764614 330764620
330098683: 37.8058212 -107.6697573 1061.558 3042563270 330764577 330764569 330764552 330764546 330764530 330764524 330764521 330098685
330764623: 37.8156111 -107.6607156 822.6330000000002 3042563270 330764577 330764581 330764588 330764587 330764594 330764609 330764618
330098703: 37.8031064 -107.6695588 1467.9089999999999 3042563270 330764577 330764569 330764552 330764546 330764530 330764524 330764521 330098685 330098683 330098681 330098706
330764591: 37.8146344 -107.6650835 751.111 3042563270 330764577 330764581 330764588 330764587 330764586 330764593 330764592
330764603: 37.8110377 -107.6608244 707.001 3042563270 330764577 330764581 330764588 330764602 330764599 330764598
2042183459: 37.8059188 -107.6700764 1233.1750000000002 3042563270 330764577 330764569 330764552 330764546 330764530 330764524 330764521 330764520 330098741 330098732
330764631: 37.8143249 -107.6578188 954.7219999999999 3042563270 330764577 330764581 330764588 330764602 330764599 330764614 330764613 330764621
330764585: 37.813488 -107.665345 580.278 3042563270 330764577 330764581 330764588 330764587 330764586
330764549: 37.8099492 -107.6659351 520.8979999999999 3042563270 330764577 330764581 330764576 330764571 330764550
330098641: 37.8040903 -107.6714193 1303.3639999999998 3042563270 330764577 330764569 330764552 330764546 330764530 330764524 330764521 330098685 330098683 330098681 330098680 330098653
330764575: 37.8116381 -107.6644036 289.88 3042563270 330764577 330764581 330764576
330764525: 37.8087682 -107.6683713 822.095 3042563270 330764577 330764569 330764552 330764546 330764530 330764526
330764637: 37.8156027 -107.6594844 931.6140000000001 3042563270 330764577 330764581 330764588 330764587 330764594 330764609 330764618 330764623 330764636
330764615: 37.8161048 -107.6629069 925.6100000000001 3042563270 330764577 330764581 330764588 330764587 330764594 330764609 330764608
330764635: 37.8152361 -107.6597821 915.6630000000001 3042563270 330764577 330764581 330764588 330764587 330764594 330764609 330764618 330764623 330764636
330764561: 37.8108096 -107.6651412 402.51099999999997 3042563270 330764577 330764581 330764576 330764575
330764593: 37.8138228 -107.6637223 601.268 3042563270 330764577 330764581 330764588 330764587 330764586
330764613: 37.8126213 -107.6593879 720.449 3042563270 330764577 330764581 330764588 330764602 330764599 330764614
330764571: 37.8102946 -107.6642856 309.49699999999996 3042563270 330764577 330764581 330764576
330764581: 37.8106342 -107.6626378 98.768 3042563270 330764577
330098669: 37.8056042 -107.6713351 1205.9489999999998 3042563270 330764577 330764569 330764552 330764546 330764530 330764524 330764521 330098685 330098683 330098694
1826005507: 37.8043293 -107.6677159 1322.524 3042563270 330764577 330764569 330764552 330764546 330764530 330764524 330764521 330098685 330098683 330098681 330098706
330764577: 37.8101346 -107.6617791 5.084 3042563270
