1826005506: 37.8125684 -107.6687888 1085.6249999999998 2042183279 330764524 330764521 330764526 330764543 330764542 330764557 330764556 330764554
330764640: 37.8156472 -107.6578912 1555.6019999999999 2042183279 330764524 330764530 330764547 330764550 330764571 330764576 330764588 330764602 330764599 330764614 330764620 330764633
331107624: 37.8037969 -107.6743977 1030.022 2042183279 330764524 330764521 330098685 330098683 330098681 330098680 330098653 330098641
330764554: 37.8114601 -107.6685208 910.3819999999998 2042183279 330764524 330764521 330764526 330764543 330764542 330764557 330764556
331058144: 37.8181867 -107.6574714 1890.7089999999994 2042183279 330764524 330764530 330764547 330764550 330764571 330764576 330764588 330764587 330764594 330764609 330764618 330764623 330764638 331058125
330098706: 37.8046661 -107.6682955 702.635 2042183279 330764524 330764521 330098685 330098683 330098681
330764588: 37.8119708 -107.6627674 881.334 2042183279 330764524 330764530 330764547 330764550 330764571 330764576
330764622: 37.8131405 -107.6580789 1477.464 2042183279 330764524 330764530 330764547 330764550 330764571 330764576 330764588 330764602 330764599 330764614 330764613 330764621
330764546: 37.8080865 -107.6649695 497.095 2042183279 330764524 330764530
330764562: 37.8113224 -107.666021 839.6929999999999 2042183279 330764524 330764521 330764526 330764543 330764542 330764557
330764632: 37.8140283 -107.6572931 1594.9 2042183279 330764524 330764530 330764547 330764550 330764571 330764576 330764588 330764602 330764599 330764614 330764613 330764621 330764631
330764570: 37.8097882 -107.6634165 730.3810000000001 2042183279 330764524 330764530 330764546 330764551
330764618: 37.8150602 -107.6612439 1329.2119999999998 2042183279 330764524 330764530 330764547 330764550 330764571 330764576 330764588 330764587 330764594 330764609
330098732: 37.8062937 -107.6707095 606.9409999999999 2042183279 330764524 330764521 330764520 330098741
330764602: 37.8128099 -107.6619172 1000.8489999999999 2042183279 330764524 330764530 330764547 330764550 330764571 330764576 330764588
330764566: 37.8118076 -107.6668819 929.8419999999999 2042183279 330764524 330764521 330764526 330764543 330764542 330764557 330764556
330764550: 37.809447 -107.6650527 536.282 2042183279 330764524 330764530 330764547
330764574: 37.8121361 -107.6652485 951.8739999999999 2042183279 330764524 330764530 330764547 330764550 330764571 330764561 330764575
330764572: 37.812651 -107.6661068 1045.7359999999999 2042183279 330764524 330764521 330764526 330764543 330764542 330764557 330764556 330764566
330764530: 37.807756 -107.666603 304.077 2042183279 330764524
330764638: 37.8166855 -107.6597526 1552.4599999999996 2042183279 330764524 330764530 330764547 330764550 330764571 330764576 330764588 330764587 330764594 330764609 330764618 330764623
330764552: 37.8084351 -107.663328 695.96 2042183279 330764524 330764530 330764546
330764584: 37.8137179 -107.6657607 1204.944 2042183279 330764524 330764521 330764526 330764543 330764542 330764557 330764556 330764566 330764572 330764585
330764524: 37.8069358 -107.667405 188.82899999999998 2042183279
330764576: 37.8111359 -107.6635211 767.305 2042183279 330764524 330764530 330764547 330764550 330764571
3042563270: 37.8101077 -107.6617323 934.337 2042183279 330764524 330764530 330764546 330764552 330764569 330764577
330764606: 37.8151535 -107.6638215 1388.193 2042183279 330764524 330764530 330764547 330764550 330764571 330764561 330764575 330764574 330764586 330764593 330764592
330764592: 37.8143313 -107.6645672 1275.724 2042183279 330764524 330764530 330764547 330764550 330764571 330764561 330764575 330764574 330764586 330764593
330764594: 37.8133163 -107.6628318 1090.3319999999999 2042183279 330764524 330764530 330764547 330764550 330764571 330764576 330764588 330764587
331058146: 37.8181665 -107.6566922 1959.1909999999993 2042183279 330764524 330764530 330764547 330764550 330764571 330764576 330764588 330764587 330764594 330764609 330764618 330764623 330764638 331058125 331058144
1826005504: 37.8111838 -107.6687122 945.8679999999998 2042183279 330764524 330764521 330764526 330764543 330764542 330764557 330764556 330764554
330098752: 37.8067716 -107.6714618 684.381 2042183279 330764524 330764521 330764520 330098741
330764604: 37.8155688 -107.6643634 1455.274 2042183279 330764524 330764530 330764547 330764550 330764571 330764561 330764575 330764574 330764586 330764593 330764592 330764606
330764644: 37.8160286 -107.656314 1760.2959999999998 2042183279 330764524 330764530 330764547 330764550 330764571 330764576 330764588 330764602 330764599 330764614 330764620 330764633 330764640 330764641
330764608: 37.8146809 -107.6629016 1299.5639999999999 2042183279 330764524 330764530 330764547 330764550 330764571 330764576 330764588 330764587 330764594 330764609
330764620: 37.8139881 -107.6594951 1323.3249999999998 2042183279 330764524 330764530 330764547 330764550 330764571 330764576 330764588 330764602 330764599 330764614
330764636: 37.8155794 -107.6604956 1425.7069999999997 2042183279 330764524 330764530 330764547 330764550 330764571 330764576 330764588 330764587 330764594 330764609 330764618 330764623
330764586: 37.8129837 -107.6644867 1067.465 2042183279 330764524 330764530 330764547 330764550 330764571 330764561 330764575 330764574
330764612: 37.8122441 -107.6587736 1372.2259999999999 2042183279 330764524 330764530 330764547 330764550 330764571 330764576 330764588 330764602 330764599 330764614 330764613
330764556: 37.810977 -107.6676383 816.0639999999999 2042183279 330764524 330764521 330764526 330764543 330764542 330764557
330098680: 37.8055774 -107.6699879 538.723 2042183279 330764524 330764521 330098685 330098683 330098681
330764598: 37.8117991 -107.6601952 1189.321 2042183279 330764524 330764530 330764547 330764550 330764571 330764576 330764588 330764602 330764599
1356606892: 37.8055113 -107.6712321 663.0029999999998 2042183279 330764524 330764521 330098685 330098683 330098694 330098669
330098694: 37.8056156 -107.6703259 559.8159999999999 2042183279 330764524 330764521 330098685 330098683
2084019368: 37.8114968 -107.6570223 1498.252 2042183279 330764524 330764530 330764547 330764550 330764571 330764576 330764588 330764602 330764599 330764598
330764526: 37.8082709 -107.6675015 396.64699999999993 2042183279 330764524 330764521
330764542: 37.8096228 -107.6675632 607.1599999999999 2042183279 330764524 330764521 330764526 330764543
330764520: 37.8079382 -107.6691538 378.64799999999997 2042183279 330764524 330764521
330764614: 37.8131426 -107.6602623 1207.649 2042183279 330764524 330764530 330764547 330764550 330764571 330764576 330764588 330764602 330764599
330764634: 37.8153336 -107.6596936 1512.4339999999995 2042183279 330764524 330764530 330764547 330764550 330764571 330764576 330764588 330764587 330764594 330764609 330764618 330764623 330764636 330764635
330764626: 37.8187672 -107.6622713 1836.8629999999998 2042183279 330764524 330764530 330764547 330764550 330764571 330764576 330764588 330764587 330764594 330764609 330764608 330764615
330098653: 37.8044754 -107.6709965 689.942 2042183279 330764524 330764521 330098685 330098683 330098681 330098680
330764587: 37.8124751 -107.6636123 974.357 2042183279 330764524 330764530 330764547 330764550 330764571 330764576 330764588
3042563877: 37.8088158 -107.6617505 898.383 2042183279 330764524 330764530 330764546 330764552 330764569
330764639: 37.8159925 -107.6585 1611.7709999999997 2042183279 330764524 330764530 330764547 330764550 330764571 330764576 330764588 330764587 330764594 330764609 330764618 330764623 330764636 330764637
330764619: 37.8145559 -107.6603964 1422.4149999999997 2042183279 330764524 330764530 330764547 330764550 330764571 330764576 330764588 330764587 330764594 330764609 330764618
330764547: 37.8085993 -107.6658037 421.226 2042183279 330764524 330764530
330764573: 37.812812 -107.6663857 1076.08 2042183279 330764524 330764521 330764526 330764543 330764542 330764557 330764556 330764566 330764572
330764569: 37.8092732 -107.6625555 811.273 2042183279 330764524 330764530 330764546 330764552
330764643: 37.8165647 -107.6571214 1748.6779999999997 2042183279 330764524 330764530 330764547 330764550 330764571 330764576 330764588 330764587 330764594 330764609 330764618 330764623 330764636 330764637 330764639
330098681: 37.8057088 -107.6698619 520.3919999999999 2042183279 330764524 330764521 330098685 330098683
330098741: 37.8070608 -107.6699879 500.66499999999996 2042183279 330764524 330764521 330764520
330764543: 37.8091249 -107.666713 514.1879999999999 2042183279 330764524 330764521 330764526
2042183279: 37.8058594 -107.6657771 0.0 
331058125: 37.8180967 -107.6583566 1812.2999999999995 2042183279 330764524 330764530 330764547 330764550 330764571 330764576 330764588 330764587 330764594 330764609 330764618 330764623 330764638
330098685: 37.8065591 -107.6690796 403.50299999999993 2042183279 330764524 330764521
330764551: 37.808932 -107.6641836 613.739 2042183279 330764524 330764530 330764546
330764599: 37.8123267 -107.6610804 1091.9089999999999 2042183279 330764524 330764530 330764547 330764550 330764571 330764576 330764588 330764602
330764521: 37.8074359 -107.6682606 282.33099999999996 2042183279 330764524
330764609: 37.814166 -107.6620647 1206.3829999999998 2042183279 330764524 330764530 330764547 330764550 330764571 330764576 330764588 330764587 330764594
330764641: 37.8151704 -107.6571294 1640.9779999999998 2042183279 330764524 330764530 330764547 330764550 330764571 330764576 330764588 330764602 330764599 330764614 330764620 330764633 330764640
330764557: 37.8104726 -107.6667961 723.2219999999999 2042183279 330764524 330764521 330764526 330764543 330764542
330764621: 37.8134541 -107.6586234 1418.271 2042183279 330764524 330764530 330764547 330764550 330764571 330764576 330764588 330764602 330764599 330764614 330764613
330764519: 37.8084171 -107.6699987 470.001 2042183279 330764524 330764521 330764520
330764607: 37.8151958 -107.6637813 1394.075 2042183279 330764524 330764530 330764547 330764550 330764571 330764561 330764575 330764574 330764586 330764593 330764592 330764606
330764633: 37.8148398 -107.6587307 1439.4189999999999 2042183279 330764524 330764530 330764547 330764550 330764571 330764576 330764588 330764602 330764599 330764614 330764620
330098683: 37.8058212 -107.6697573 504.8789999999999 2042183279 330764524 330764521 330098685
330764623: 37.8156111 -107.6607156 1406.0629999999996 2042183279 330764524 330764530 330764547 330764550 330764571 330764576 330764588 330764587 330764594 330764609 330764618
330098703: 37.8031064 -107.6695588 911.23 2042183279 330764524 330764521 330098685 330098683 330098681 330098706
330764591: 37.8146344 -107.6650835 1332.263 2042183279 330764524 330764530 330764547 330764550 330764571 330764561 330764575 330764574 330764586 330764593 330764592
330764603: 37.8110377 -107.6608244 1290.4309999999998 2042183279 330764524 330764530 330764547 330764550 330764571 330764576 330764588 330764602 330764599 330764598
2042183459: 37.8059188 -107.6700764 676.4959999999999 2042183279 330764524 330764521 330764520 330098741 330098732
330764631: 37.8143249 -107.6578188 1538.152 2042183279 330764524 330764530 330764547 330764550 330764571 330764576 330764588 330764602 330764599 330764614 330764613 330764621
330764585: 37.813488 -107.665345 1160.368 2042183279 330764524 330764521 330764526 330764543 330764542 330764557 330764556 330764566 330764572
330764549: 37.8099492 -107.6659351 628.5179999999999 2042183279 330764524 330764521 330764526 330764543
330098641: 37.8040903 -107.6714193 746.685 2042183279 330764524 330764521 330098685 330098683 330098681 330098680 330098653
330764575: 37.8116381 -107.6644036 859.2679999999999 2042183279 330764524 330764530 330764547 330764550 330764571 330764561
330764525: 37.8087682 -107.6683713 490.96899999999994 2042183279 330764524 330764521 330764526
330764637: 37.8156027 -107.6594844 1515.0439999999996 2042183279 330764524 330764530 330764547 330764550 330764571 330764576 330764588 330764587 330764594 330764609 330764618 330764623 330764636
330764615: 37.8161048 -107.6629069 1509.0399999999997 2042183279 330764524 330764530 330764547 330764550 330764571 330764576 330764588 330764587 330764594 330764609 330764608
330764635: 37.8152361 -107.6597821 1499.0929999999996 2042183279 330764524 330764530 330764547 330764550 330764571 330764576 330764588 330764587 330764594 330764609 330764618 330764623 330764636
330764561: 37.8108096 -107.6651412 746.637 2042183279 330764524 330764530 330764547 330764550 330764571
330764593: 37.8138228 -107.6637223 1182.4199999999998 2042183279 330764524 330764530 330764547 330764550 330764571 330764561 330764575 330764574 330764586
330764613: 37.8126213 -107.6593879 1303.879 2042183279 330764524 330764530 330764547 330764550 330764571 330764576 330764588 330764602 330764599 330764614
330764571: 37.8102946 -107.6642856 652.145 2042183279 330764524 330764530 330764547 330764550
330764581: 37.8106342 -107.6626378 846.7160000000001 2042183279 330764524 330764530 330764546 330764551 330764570
330098669: 37.8056042 -107.6713351 649.2699999999999 2042183279 330764524 330764521 330098685 330098683 330098694
1826005507: 37.8043293 -107.6677159 765.845 2042183279 330764524 330764521 330098685 330098683 330098681 330098706
330764577: 37.8101346 -107.6617791 929.253 2042183279 330764524 330764530 330764546 330764552 330764569
