1826005506: 37.8125684 -107.6687888 896.796 330764524 330764521 330764526 330764543 330764542 330764557 330764556 330764554
330764640: 37.8156472 -107.6578912 1366.773 330764524 330764530 330764547 330764550 330764571 330764576 330764588 330764602 330764599 330764614 330764620 330764633
331107624: 37.8037969 -107.6743977 841.193 330764524 330764521 330098685 330098683 330098681 330098680 330098653 330098641
330764554: 37.8114601 -107.6685208 721.553 330764524 330764521 330764526 330764543 330764542 330764557 330764556
331058144: 37.8181867 -107.6574714 1701.8799999999997 330764524 330764530 330764547 330764550 330764571 330764576 330764588 330764587 330764594 330764609 330764618 330764623 330764638 331058125
330098706: 37.8046661 -107.6682955 513.8059999999999 330764524 330764521 330098685 330098683 330098681
330764588: 37.8119708 -107.6627674 692.505 330764524 330764530 330764547 330764550 330764571 330764576
330764622: 37.8131405 -107.6580789 1288.635 330764524 330764530 330764547 330764550 330764571 330764576 330764588 330764602 330764599 330764614 330764613 330764621
330764546: 37.8080865 -107.6649695 308.266 330764524 330764530
330764562: 37.8113224 -107.666021 650.864 330764524 330764521 330764526 330764543 330764542 330764557
330764632: 37.8140283 -107.6572931 1406.0710000000001 330764524 330764530 330764547 330764550 330764571 330764576 330764588 330764602 330764599 330764614 330764613 330764621 330764631
330764570: 37.8097882 -107.6634165 541.552 330764524 330764530 330764546 330764551
330764618: 37.8150602 -107.6612439 1140.383 330764524 330764530 330764547 330764550 330764571 330764576 330764588 330764587 330764594 330764609
330098732: 37.8062937 -107.6707095 418.112 330764524 330764521 330764520 330098741
330764602: 37.8128099 -107.6619172 812.02 330764524 330764530 330764547 330764550 330764571 330764576 330764588
330764566: 37.8118076 -107.6668819 741.013 330764524 330764521 330764526 330764543 330764542 330764557 330764556
330764550: 37.809447 -107.6650527 347.453 330764524 330764530 330764547
330764574: 37.8121361 -107.6652485 763.045 330764524 330764530 330764547 330764550 330764571 330764561 330764575
330764572: 37.812651 -107.6661068 856.907 330764524 330764521 330764526 330764543 330764542 330764557 330764556 330764566
330764530: 37.807756 -107.666603 115.248 330764524
330764638: 37.8166855 -107.6597526 1363.6309999999999 330764524 330764530 330764547 330764550 330764571 330764576 330764588 330764587 330764594 330764609 330764618 330764623
330764552: 37.8084351 -107.663328 507.13100000000003 330764524 330764530 330764546
330764584: 37.8137179 -107.6657607 1016.115 330764524 330764521 330764526 330764543 330764542 330764557 330764556 330764566 330764572 330764585
330764524: 37.8069358 -107.667405 0.0 
330764576: 37.8111359 -107.6635211 578.476 330764524 330764530 330764547 330764550 330764571
3042563270: 37.8101077 -107.6617323 745.5079999999999 330764524 330764530 330764546 330764552 330764569 330764577
330764606: 37.8151535 -107.6638215 1199.364 330764524 330764530 330764547 330764550 330764571 330764561 330764575 330764574 330764586 330764593 330764592
330764592: 37.8143313 -107.6645672 1086.895 330764524 330764530 330764547 330764550 330764571 330764561 330764575 330764574 330764586 330764593
330764594: 37.8133163 -107.6628318 901.503 330764524 330764530 330764547 330764550 330764571 330764576 330764588 330764587
331058146: 37.8181665 -107.6566922 1770.3619999999996 330764524 330764530 330764547 330764550 330764571 330764576 330764588 330764587 330764594 330764609 330764618 330764623 330764638 331058125 331058144
1826005504: 37.8111838 -107.6687122 757.039 330764524 330764521 330764526 330764543 330764542 330764557 330764556 330764554
330098752: 37.8067716 -107.6714618 495.552 330764524 330764521 330764520 330098741
330764604: 37.8155688 -107.6643634 1266.445 330764524 330764530 330764547 330764550 330764571 330764561 330764575 330764574 330764586 330764593 330764592 330764606
330764644: 37.8160286 -107.656314 1571.4669999999999 330764524 330764530 330764547 330764550 330764571 330764576 330764588 330764602 330764599 330764614 330764620 330764633 330764640 330764641
330764608: 37.8146809 -107.6629016 1110.7350000000001 330764524 330764530 330764547 330764550 330764571 330764576 330764588 330764587 330764594 330764609
330764620: 37.8139881 -107.6594951 1134.4959999999999 330764524 330764530 330764547 330764550 330764571 330764576 330764588 330764602 330764599 330764614
330764636: 37.8155794 -107.6604956 1236.878 330764524 330764530 330764547 330764550 330764571 330764576 330764588 330764587 330764594 330764609 330764618 330764623
330764586: 37.8129837 -107.6644867 878.636 330764524 330764530 330764547 330764550 330764571 330764561 330764575 330764574
330764612: 37.8122441 -107.6587736 1183.397 330764524 330764530 330764547 330764550 330764571 330764576 330764588 330764602 330764599 330764614 330764613
330764556: 37.810977 -107.6676383 627.235 330764524 330764521 330764526 330764543 330764542 330764557
330098680: 37.8055774 -107.6699879 349.89399999999995 330764524 330764521 330098685 330098683 330098681
330764598: 37.8117991 -107.6601952 1000.492 330764524 330764530 330764547 330764550 330764571 330764576 330764588 330764602 330764599
1356606892: 37.8055113 -107.6712321 474.174 330764524 330764521 330098685 330098683 330098694 330098669
330098694: 37.8056156 -107.6703259 370.98699999999997 330764524 330764521 330098685 330098683
2084019368: 37.8114968 -107.6570223 1309.423 330764524 330764530 330764547 330764550 330764571 330764576 330764588 330764602 330764599 330764598
330764526: 37.8082709 -107.6675015 207.81799999999998 330764524 330764521
330764542: 37.8096228 -107.6675632 418.331 330764524 330764521 330764526 330764543
330764520: 37.8079382 -107.6691538 189.81900000000002 330764524 330764521
330764614: 37.8131426 -107.6602623 1018.8199999999999 330764524 330764530 330764547 330764550 330764571 330764576 330764588 330764602 330764599
330764634: 37.8153336 -107.6596936 1323.6049999999998 330764524 330764530 330764547 330764550 330764571 330764576 330764588 330764587 330764594 330764609 330764618 330764623 330764636 330764635
330764626: 37.8187672 -107.6622713 1648.034 330764524 330764530 330764547 330764550 330764571 330764576 330764588 330764587 330764594 330764609 330764608 330764615
330098653: 37.8044754 -107.6709965 501.11299999999994 330764524 330764521 330098685 330098683 330098681 330098680
330764587: 37.8124751 -107.6636123 785.528 330764524 330764530 330764547 330764550 330764571 330764576 330764588
3042563877: 37.8088158 -107.6617505 709.554 330764524 330764530 330764546 330764552 330764569
330764639: 37.8159925 -107.6585 1422.942 330764524 330764530 330764547 330764550 330764571 330764576 330764588 330764587 330764594 330764609 330764618 330764623 330764636 330764637
330764619: 37.8145559 -107.6603964 1233.586 330764524 330764530 330764547 330764550 330764571 330764576 330764588 330764587 330764594 330764609 330764618
330764547: 37.8085993 -107.6658037 232.397 330764524 330764530
330764573: 37.812812 -107.6663857 887.2510000000001 330764524 330764521 330764526 330764543 330764542 330764557 330764556 330764566 330764572
330764569: 37.8092732 -107.6625555 622.444 330764524 330764530 330764546 330764552
330764643: 37.8165647 -107.6571214 1559.849 330764524 330764530 330764547 330764550 330764571 330764576 330764588 330764587 330764594 330764609 330764618 330764623 330764636 330764637 330764639
330098681: 37.8057088 -107.6698619 331.56299999999993 330764524 330764521 330098685 330098683
330098741: 37.8070608 -107.6699879 311.836 330764524 330764521 330764520
330764543: 37.8091249 -107.666713 325.359 330764524 330764521 330764526
2042183279: 37.8058594 -107.6657771 188.82899999999998 330764524
331058125: 37.8180967 -107.6583566 1623.4709999999998 330764524 330764530 330764547 330764550 330764571 330764576 330764588 330764587 330764594 330764609 330764618 330764623 330764638
330098685: 37.8065591 -107.6690796 214.67399999999998 330764524 330764521
330764551: 37.808932 -107.6641836 424.91 330764524 330764530 330764546
330764599: 37.8123267 -107.6610804 903.0799999999999 330764524 330764530 330764547 330764550 330764571 330764576 330764588 330764602
330764521: 37.8074359 -107.6682606 93.502 330764524
330764609: 37.814166 -107.6620647 1017.5540000000001 330764524 330764530 330764547 330764550 330764571 330764576 330764588 330764587 330764594
330764641: 37.8151704 -107.6571294 1452.149 330764524 330764530 330764547 330764550 330764571 330764576 330764588 330764602 330764599 330764614 330764620 330764633 330764640
330764557: 37.8104726 -107.6667961 534.393 330764524 330764521 330764526 330764543 330764542
330764621: 37.8134541 -107.6586234 1229.442 330764524 330764530 330764547 330764550 330764571 330764576 330764588 330764602 330764599 330764614 330764613
330764519: 37.8084171 -107.6699987 281.172 330764524 330764521 330764520
330764607: 37.8151958 -107.6637813 1205.246 330764524 330764530 330764547 330764550 330764571 330764561 330764575 330764574 330764586 330764593 330764592 330764606
330764633: 37.8148398 -107.6587307 1250.59 330764524 330764530 330764547 330764550 330764571 330764576 330764588 330764602 330764599 330764614 330764620
330098683: 37.8058212 -107.6697573 316.04999999999995 330764524 330764521 330098685
330764623: 37.8156111 -107.6607156 1217.234 330764524 330764530 330764547 330764550 330764571 330764576 330764588 330764587 330764594 330764609 330764618
330098703: 37.8031064 -107.6695588 722.401 330764524 330764521 330098685 330098683 330098681 330098706
330764591: 37.8146344 -107.6650835 1143.434 330764524 330764530 330764547 330764550 330764571 330764561 330764575 330764574 330764586 330764593 330764592
330764603: 37.8110377 -107.6608244 1101.6019999999999 330764524 330764530 330764547 330764550 330764571 330764576 330764588 330764602 330764599 330764598
2042183459: 37.8059188 -107.6700764 487.66700000000003 330764524 330764521 330764520 330098741 330098732
330764631: 37.8143249 -107.6578188 1349.323 330764524 330764530 330764547 330764550 330764571 330764576 330764588 330764602 330764599 330764614 330764613 330764621
330764585: 37.813488 -107.665345 971.539 330764524 330764521 330764526 330764543 330764542 330764557 330764556 330764566 330764572
330764549: 37.8099492 -107.6659351 439.68899999999996 330764524 330764521 330764526 330764543
330098641: 37.8040903 -107.6714193 557.856 330764524 330764521 330098685 330098683 330098681 330098680 330098653
330764575: 37.8116381 -107.6644036 670.439 330764524 330764530 330764547 330764550 330764571 330764561
330764525: 37.8087682 -107.6683713 302.14 330764524 330764521 330764526
330764637: 37.8156027 -107.6594844 1326.215 330764524 330764530 330764547 330764550 330764571 330764576 330764588 330764587 330764594 330764609 330764618 330764623 330764636
330764615: 37.8161048 -107.6629069 1320.211 330764524 330764530 330764547 330764550 330764571 330764576 330764588 330764587 330764594 330764609 330764608
330764635: 37.8152361 -107.6597821 1310.264 330764524 330764530 330764547 330764550 330764571 330764576 330764588 330764587 330764594 330764609 330764618 330764623 330764636
330764561: 37.8108096 -107.6651412 557.808 330764524 330764530 330764547 330764550 330764571
330764593: 37.8138228 -107.6637223 993.591 330764524 330764530 330764547 330764550 330764571 330764561 330764575 330764574 330764586
330764613: 37.8126213 -107.6593879 1115.05 330764524 330764530 330764547 330764550 330764571 330764576 330764588 330764602 330764599 330764614
330764571: 37.8102946 -107.6642856 463.316 330764524 330764530 330764547 330764550
330764581: 37.8106342 -107.6626378 657.8870000000001 330764524 330764530 330764546 330764551 330764570
330098669: 37.8056042 -107.6713351 460.441 330764524 330764521 330098685 330098683 330098694
1826005507: 37.8043293 -107.6677159 577.016 330764524 330764521 330098685 330098683 330098681 330098706
330764577: 37.8101346 -107.6617791 740.424 330764524 330764530 330764546 330764552 330764569
