1826005506: 37.8125684 -107.6687888 524.924 330764573 330764572 330764566 330764554
330764640: 37.8156472 -107.6578912 1037.036 330764573 330764572 330764574 330764575 330764587 330764594 330764609 330764618 330764623 330764636 330764637 330764639
331107624: 37.8037969 -107.6743977 1541.4399999999998 330764573 330764572 330764566 330764556 330764557 330764542 330764543 330764526 330764521 330098685 330098683 330098681 330098680 330098653 330098641
330764554: 37.8114601 -107.6685208 349.681 330764573 330764572 330764566
331058144: 37.8181867 -107.6574714 1250.1399999999999 330764573 330764572 330764574 330764575 330764587 330764594 330764609 330764618 330764623 330764638 331058125
330098706: 37.8046661 -107.6682955 1214.0529999999999 330764573 330764572 330764566 330764556 330764557 330764542 330764543 330764526 330764521 330098685 330098683 330098681
330764588: 37.8119708 -107.6627674 426.81100000000004 330764573 330764572 330764574 330764575 330764587
330764622: 37.8131405 -107.6580789 1022.941 330764573 330764572 330764574 330764575 330764587 330764588 330764602 330764599 330764614 330764613 330764621
330764546: 37.8080865 -107.6649695 748.5219999999999 330764573 330764572 330764574 330764575 330764561 330764571 330764550 330764547
330764562: 37.8113224 -107.666021 238.119 330764573 330764572 330764574
330764632: 37.8140283 -107.6572931 1140.3770000000002 330764573 330764572 330764574 330764575 330764587 330764588 330764602 330764599 330764614 330764613 330764621 330764631
330764570: 37.8097882 -107.6634165 519.615 330764573 330764572 330764574 330764575 330764561 330764571
330764618: 37.8150602 -107.6612439 688.643 330764573 330764572 330764574 330764575 330764587 330764594 330764609
330098732: 37.8062937 -107.6707095 930.91 330764573 330764572 330764566 330764556 330764557 330764542 330764525 330764520 330098741
330764602: 37.8128099 -107.6619172 546.326 330764573 330764572 330764574 330764575 330764587 330764588
330764566: 37.8118076 -107.6668819 146.238 330764573 330764572
330764550: 37.809447 -107.6650527 540.6099999999999 330764573 330764572 330764574 330764575 330764561 330764571
330764574: 37.8121361 -107.6652485 125.018 330764573 330764572
330764572: 37.812651 -107.6661068 30.344 330764573
330764530: 37.807756 -107.666603 772.8149999999999 330764573 330764572 330764574 330764575 330764561 330764571 330764550 330764547
330764638: 37.8166855 -107.6597526 911.8910000000001 330764573 330764572 330764574 330764575 330764587 330764594 330764609 330764618 330764623
330764552: 37.8084351 -107.663328 729.347 330764573 330764572 330764574 330764575 330764561 330764571 330764550 330764551
330764584: 37.8137179 -107.6657607 189.552 330764573 330764572 330764585
330764524: 37.8069358 -107.667405 887.251 330764573 330764572 330764566 330764556 330764557 330764542 330764543 330764526 330764521
330764576: 37.8111359 -107.6635211 313.167 330764573 330764572 330764574 330764575
3042563270: 37.8101077 -107.6617323 507.50399999999996 330764573 330764572 330764574 330764575 330764576 330764581 330764577
330764606: 37.8151535 -107.6638215 373.468 330764573 330764572 330764585 330764592
330764592: 37.8143313 -107.6645672 260.999 330764573 330764572 330764585
330764594: 37.8133163 -107.6628318 449.76300000000003 330764573 330764572 330764574 330764575 330764587
331058146: 37.8181665 -107.6566922 1318.6219999999998 330764573 330764572 330764574 330764575 330764587 330764594 330764609 330764618 330764623 330764638 331058125 331058144
1826005504: 37.8111838 -107.6687122 385.167 330764573 330764572 330764566 330764554
330098752: 37.8067716 -107.6714618 1008.35 330764573 330764572 330764566 330764556 330764557 330764542 330764525 330764520 330098741
330764604: 37.8155688 -107.6643634 440.54900000000004 330764573 330764572 330764585 330764592 330764606
330764644: 37.8160286 -107.656314 1200.7569999999998 330764573 330764572 330764574 330764575 330764587 330764594 330764609 330764618 330764623 330764636 330764637 330764639 330764643
330764608: 37.8146809 -107.6629016 473.486 330764573 330764572 330764585 330764586 330764593
330764620: 37.8139881 -107.6594951 868.802 330764573 330764572 330764574 330764575 330764587 330764588 330764602 330764599 330764614
330764636: 37.8155794 -107.6604956 785.138 330764573 330764572 330764574 330764575 330764587 330764594 330764609 330764618 330764623
330764586: 37.8129837 -107.6644867 238.941 330764573 330764572 330764585
330764612: 37.8122441 -107.6587736 917.703 330764573 330764572 330764574 330764575 330764587 330764588 330764602 330764599 330764614 330764613
330764556: 37.810977 -107.6676383 260.016 330764573 330764572 330764566
330098680: 37.8055774 -107.6699879 1050.1409999999998 330764573 330764572 330764566 330764556 330764557 330764542 330764543 330764526 330764521 330098685 330098683 330098681
330764598: 37.8117991 -107.6601952 734.798 330764573 330764572 330764574 330764575 330764587 330764588 330764602 330764599
1356606892: 37.8055113 -107.6712321 1174.4209999999998 330764573 330764572 330764566 330764556 330764557 330764542 330764543 330764526 330764521 330098685 330098683 330098694 330098669
330098694: 37.8056156 -107.6703259 1071.234 330764573 330764572 330764566 330764556 330764557 330764542 330764543 330764526 330764521 330098685 330098683
2084019368: 37.8114968 -107.6570223 1043.729 330764573 330764572 330764574 330764575 330764587 330764588 330764602 330764599 330764598
330764526: 37.8082709 -107.6675015 679.433 330764573 330764572 330764566 330764556 330764557 330764542 330764543
330764542: 37.8096228 -107.6675632 468.92 330764573 330764572 330764566 330764556 330764557
330764520: 37.8079382 -107.6691538 702.6170000000001 330764573 330764572 330764566 330764556 330764557 330764542 330764525
330764614: 37.8131426 -107.6602623 753.126 330764573 330764572 330764574 330764575 330764587 330764588 330764602 330764599
330764634: 37.8153336 -107.6596936 871.865 330764573 330764572 330764574 330764575 330764587 330764594 330764609 330764618 330764623 330764636 330764635
330764626: 37.8187672 -107.6622713 834.1220000000001 330764573 330764572 330764585 330764592 330764606 330764607 330764615
330098653: 37.8044754 -107.6709965 1201.36 330764573 330764572 330764566 330764556 330764557 330764542 330764543 330764526 330764521 330098685 330098683 330098681 330098680
330764587: 37.8124751 -107.6636123 333.788 330764573 330764572 330764574 330764575
3042563877: 37.8088158 -107.6617505 701.596 330764573 330764572 330764574 330764575 330764561 330764571 330764570 330764569
330764639: 37.8159925 -107.6585 971.202 330764573 330764572 330764574 330764575 330764587 330764594 330764609 330764618 330764623 330764636 330764637
330764619: 37.8145559 -107.6603964 781.846 330764573 330764572 330764574 330764575 330764587 330764594 330764609 330764618
330764547: 37.8085993 -107.6658037 655.6659999999999 330764573 330764572 330764574 330764575 330764561 330764571 330764550
330764573: 37.812812 -107.6663857 0.0 
330764569: 37.8092732 -107.6625555 614.486 330764573 330764572 330764574 330764575 330764561 330764571 330764570
330764643: 37.8165647 -107.6571214 1108.109 330764573 330764572 330764574 330764575 330764587 330764594 330764609 330764618 330764623 330764636 330764637 330764639
330098681: 37.8057088 -107.6698619 1031.81 330764573 330764572 330764566 330764556 330764557 330764542 330764543 330764526 330764521 330098685 330098683
330098741: 37.8070608 -107.6699879 824.634 330764573 330764572 330764566 330764556 330764557 330764542 330764525 330764520
330764543: 37.8091249 -107.666713 561.892 330764573 330764572 330764566 330764556 330764557 330764542
2042183279: 37.8058594 -107.6657771 1076.08 330764573 330764572 330764566 330764556 330764557 330764542 330764543 330764526 330764521 330764524
331058125: 37.8180967 -107.6583566 1171.731 330764573 330764572 330764574 330764575 330764587 330764594 330764609 330764618 330764623 330764638
330098685: 37.8065591 -107.6690796 914.921 330764573 330764572 330764566 330764556 330764557 330764542 330764543 330764526 330764521
330764551: 37.808932 -107.6641836 636.05 330764573 330764572 330764574 330764575 330764561 330764571 330764550
330764599: 37.8123267 -107.6610804 637.386 330764573 330764572 330764574 330764575 330764587 330764588 330764602
330764521: 37.8074359 -107.6682606 793.749 330764573 330764572 330764566 330764556 330764557 330764542 330764543 330764526
330764609: 37.814166 -107.6620647 565.8140000000001 330764573 330764572 330764574 330764575 330764587 330764594
330764641: 37.8151704 -107.6571294 1122.412 330764573 330764572 330764574 330764575 330764587 330764594 330764609 330764618 330764623 330764636 330764637 330764639 330764640
330764557: 37.8104726 -107.6667961 352.858 330764573 330764572 330764566 330764556
330764621: 37.8134541 -107.6586234 963.748 330764573 330764572 330764574 330764575 330764587 330764588 330764602 330764599 330764614 330764613
330764519: 37.8084171 -107.6699987 793.97 330764573 330764572 330764566 330764556 330764557 330764542 330764525 330764520
330764607: 37.8151958 -107.6637813 379.35 330764573 330764572 330764585 330764592 330764606
330764633: 37.8148398 -107.6587307 972.708 330764573 330764572 330764574 330764575 330764587 330764594 330764609 330764618 330764623 330764636 330764635 330764634
330098683: 37.8058212 -107.6697573 1016.297 330764573 330764572 330764566 330764556 330764557 330764542 330764543 330764526 330764521 330098685
330764623: 37.8156111 -107.6607156 765.494 330764573 330764572 330764574 330764575 330764587 330764594 330764609 330764618
330098703: 37.8031064 -107.6695588 1422.648 330764573 330764572 330764566 330764556 330764557 330764542 330764543 330764526 330764521 330098685 330098683 330098681 330098706
330764591: 37.8146344 -107.6650835 317.538 330764573 330764572 330764585 330764592
330764603: 37.8110377 -107.6608244 835.908 330764573 330764572 330764574 330764575 330764587 330764588 330764602 330764599 330764598
2042183459: 37.8059188 -107.6700764 1000.4649999999999 330764573 330764572 330764566 330764556 330764557 330764542 330764525 330764520 330098741 330098732
330764631: 37.8143249 -107.6578188 1083.6290000000001 330764573 330764572 330764574 330764575 330764587 330764588 330764602 330764599 330764614 330764613 330764621
330764585: 37.813488 -107.665345 144.976 330764573 330764572
330764549: 37.8099492 -107.6659351 448.295 330764573 330764572 330764566 330764556 330764557
330098641: 37.8040903 -107.6714193 1258.1029999999998 330764573 330764572 330764566 330764556 330764557 330764542 330764543 330764526 330764521 330098685 330098683 330098681 330098680 330098653
330764575: 37.8116381 -107.6644036 217.624 330764573 330764572 330764574
330764525: 37.8087682 -107.6683713 587.537 330764573 330764572 330764566 330764556 330764557 330764542
330764637: 37.8156027 -107.6594844 874.475 330764573 330764572 330764574 330764575 330764587 330764594 330764609 330764618 330764623 330764636
330764615: 37.8161048 -107.6629069 506.29900000000004 330764573 330764572 330764585 330764592 330764606 330764607
330764635: 37.8152361 -107.6597821 858.524 330764573 330764572 330764574 330764575 330764587 330764594 330764609 330764618 330764623 330764636
330764561: 37.8108096 -107.6651412 330.255 330764573 330764572 330764574 330764575
330764593: 37.8138228 -107.6637223 353.896 330764573 330764572 330764585 330764586
330764613: 37.8126213 -107.6593879 849.356 330764573 330764572 330764574 330764575 330764587 330764588 330764602 330764599 330764614
330764571: 37.8102946 -107.6642856 424.74699999999996 330764573 330764572 330764574 330764575 330764561
330764581: 37.8106342 -107.6626378 408.736 330764573 330764572 330764574 330764575 330764576
330098669: 37.8056042 -107.6713351 1160.6879999999999 330764573 330764572 330764566 330764556 330764557 330764542 330764543 330764526 330764521 330098685 330098683 330098694
1826005507: 37.8043293 -107.6677159 1277.263 330764573 330764572 330764566 330764556 330764557 330764542 330764543 330764526 330764521 330098685 330098683 330098681 330098706
330764577: 37.8101346 -107.6617791 502.41999999999996 330764573 330764572 330764574 330764575 330764576 330764581
