1826005506: 37.8125684 -107.6687888 1503.398 2084019368 330764598 330764599 330764602 330764588 330764587 330764575 330764574 330764562 330764566 330764554
330764640: 37.8156472 -107.6578912 856.1179999999999 2084019368 330764598 330764613 330764621 330764631 330764641
331107624: 37.8037969 -107.6743977 2150.616 2084019368 330764598 330764599 330764602 330764588 330764576 330764571 330764550 330764547 330764530 330764524 330764521 330098685 330098683 330098681 330098680 330098653 330098641
330764554: 37.8114601 -107.6685208 1328.155 2084019368 330764598 330764599 330764602 330764588 330764587 330764575 330764574 330764562 330764566
331058144: 37.8181867 -107.6574714 1391.8939999999998 2084019368 330764598 330764613 330764621 330764620 330764619 330764618 330764623 330764638 331058125
330098706: 37.8046661 -107.6682955 1823.229 2084019368 330764598 330764599 330764602 330764588 330764576 330764571 330764550 330764547 330764530 330764524 330764521 330098685 330098683 330098681
330764588: 37.8119708 -107.6627674 616.918 2084019368 330764598 330764599 330764602
330764622: 37.8131405 -107.6580789 598.222 2084019368 330764598 330764613 330764621
330764546: 37.8080865 -107.6649695 1165.675 2084019368 330764598 330764599 330764602 330764588 330764581 330764570 330764551
330764562: 37.8113224 -107.666021 1031.812 2084019368 330764598 330764599 330764602 330764588 330764587 330764575 330764574
330764632: 37.8140283 -107.6572931 715.658 2084019368 330764598 330764613 330764621 330764631
330764570: 37.8097882 -107.6634165 932.389 2084019368 330764598 330764599 330764602 330764588 330764581
330764618: 37.8150602 -107.6612439 830.3969999999999 2084019368 330764598 330764613 330764621 330764620 330764619
330098732: 37.8062937 -107.6707095 1726.3349999999998 2084019368 330764598 330764599 330764602 330764588 330764587 330764575 330764574 330764562 330764557 330764542 330764525 330764520 330098741
330764602: 37.8128099 -107.6619172 497.40299999999996 2084019368 330764598 330764599
330764566: 37.8118076 -107.6668819 1124.712 2084019368 330764598 330764599 330764602 330764588 330764587 330764575 330764574 330764562
330764550: 37.809447 -107.6650527 961.97 2084019368 330764598 330764599 330764602 330764588 330764576 330764571
330764574: 37.8121361 -107.6652485 918.711 2084019368 330764598 330764599 330764602 330764588 330764587 330764575
330764572: 37.812651 -107.6661068 1013.385 2084019368 330764598 330764599 330764602 330764588 330764587 330764575 330764574
330764530: 37.807756 -107.666603 1194.1750000000002 2084019368 330764598 330764599 330764602 330764588 330764576 330764571 330764550 330764547
330764638: 37.8166855 -107.6597526 1053.645 2084019368 330764598 330764613 330764621 330764620 330764619 330764618 330764623
330764552: 37.8084351 -107.663328 1142.328 2084019368 330764598 330764599 330764602 330764588 330764581 330764570 330764551
330764584: 37.8137179 -107.6657607 943.868 2084019368 330764598 330764599 330764602 330764588 330764587 330764586 330764585
330764524: 37.8069358 -107.667405 1309.4230000000002 2084019368 330764598 330764599 330764602 330764588 330764576 330764571 330764550 330764547 330764530
330764576: 37.8111359 -107.6635211 730.947 2084019368 330764598 330764599 330764602 330764588
3042563270: 37.8101077 -107.6617323 914.8219999999999 2084019368 330764598 330764599 330764602 330764588 330764581 330764577
330764606: 37.8151535 -107.6638215 897.6779999999999 2084019368 330764598 330764599 330764602 330764594 330764593 330764592
330764592: 37.8143313 -107.6645672 785.209 2084019368 330764598 330764599 330764602 330764594 330764593
330764594: 37.8133163 -107.6628318 595.514 2084019368 330764598 330764599 330764602
331058146: 37.8181665 -107.6566922 1460.3759999999997 2084019368 330764598 330764613 330764621 330764620 330764619 330764618 330764623 330764638 331058125 331058144
1826005504: 37.8111838 -107.6687122 1363.641 2084019368 330764598 330764599 330764602 330764588 330764587 330764575 330764574 330764562 330764566 330764554
330098752: 37.8067716 -107.6714618 1803.7749999999996 2084019368 330764598 330764599 330764602 330764588 330764587 330764575 330764574 330764562 330764557 330764542 330764525 330764520 330098741
330764604: 37.8155688 -107.6643634 964.7589999999999 2084019368 330764598 330764599 330764602 330764594 330764593 330764592 330764606
330764644: 37.8160286 -107.656314 890.06 2084019368 330764598 330764613 330764621 330764631 330764641
330764608: 37.8146809 -107.6629016 804.7460000000001 2084019368 330764598 330764599 330764602 330764594 330764609
330764620: 37.8139881 -107.6594951 635.928 2084019368 330764598 330764613 330764621
330764636: 37.8155794 -107.6604956 903.492 2084019368 330764598 330764613 330764621 330764620 330764619 330764635
330764586: 37.8129837 -107.6644867 805.327 2084019368 330764598 330764599 330764602 330764588 330764587
330764612: 37.8122441 -107.6587736 492.98400000000004 2084019368 330764598 330764613
330764556: 37.810977 -107.6676383 1238.49 2084019368 330764598 330764599 330764602 330764588 330764587 330764575 330764574 330764562 330764566
330098680: 37.8055774 -107.6699879 1659.317 2084019368 330764598 330764599 330764602 330764588 330764576 330764571 330764550 330764547 330764530 330764524 330764521 330098685 330098683 330098681
330764598: 37.8117991 -107.6601952 308.931 2084019368
1356606892: 37.8055113 -107.6712321 1783.597 2084019368 330764598 330764599 330764602 330764588 330764576 330764571 330764550 330764547 330764530 330764524 330764521 330098685 330098683 330098694 330098669
330098694: 37.8056156 -107.6703259 1680.41 2084019368 330764598 330764599 330764602 330764588 330764576 330764571 330764550 330764547 330764530 330764524 330764521 330098685 330098683
2084019368: 37.8114968 -107.6570223 0.0 
330764526: 37.8082709 -107.6675015 1289.002 2084019368 330764598 330764599 330764602 330764588 330764587 330764575 330764561 330764549 330764543
330764542: 37.8096228 -107.6675632 1264.3449999999998 2084019368 330764598 330764599 330764602 330764588 330764587 330764575 330764574 330764562 330764557
330764520: 37.8079382 -107.6691538 1498.0419999999997 2084019368 330764598 330764599 330764602 330764588 330764587 330764575 330764574 330764562 330764557 330764542 330764525
330764614: 37.8131426 -107.6602623 520.867 2084019368 330764598 330764613
330764634: 37.8153336 -107.6596936 843.447 2084019368 330764598 330764613 330764621 330764620 330764619 330764635
330764626: 37.8187672 -107.6622713 1342.045 2084019368 330764598 330764599 330764602 330764594 330764609 330764608 330764615
330098653: 37.8044754 -107.6709965 1810.536 2084019368 330764598 330764599 330764602 330764588 330764576 330764571 330764550 330764547 330764530 330764524 330764521 330098685 330098683 330098681 330098680
330764587: 37.8124751 -107.6636123 709.941 2084019368 330764598 330764599 330764602 330764588
3042563877: 37.8088158 -107.6617505 1114.37 2084019368 330764598 330764599 330764602 330764588 330764581 330764570 330764569
330764639: 37.8159925 -107.6585 921.952 2084019368 330764598 330764613 330764621 330764631 330764641 330764640
330764619: 37.8145559 -107.6603964 737.194 2084019368 330764598 330764613 330764621 330764620
330764547: 37.8085993 -107.6658037 1077.026 2084019368 330764598 330764599 330764602 330764588 330764576 330764571 330764550
330764573: 37.812812 -107.6663857 1043.729 2084019368 330764598 330764599 330764602 330764588 330764587 330764575 330764574 330764572
330764569: 37.8092732 -107.6625555 1027.26 2084019368 330764598 330764599 330764602 330764588 330764581 330764570
330764643: 37.8165647 -107.6571214 982.708 2084019368 330764598 330764613 330764621 330764631 330764641 330764644
330098681: 37.8057088 -107.6698619 1640.986 2084019368 330764598 330764599 330764602 330764588 330764576 330764571 330764550 330764547 330764530 330764524 330764521 330098685 330098683
330098741: 37.8070608 -107.6699879 1620.0589999999997 2084019368 330764598 330764599 330764602 330764588 330764587 330764575 330764574 330764562 330764557 330764542 330764525 330764520
330764543: 37.8091249 -107.666713 1171.461 2084019368 330764598 330764599 330764602 330764588 330764587 330764575 330764561 330764549
2042183279: 37.8058594 -107.6657771 1498.2520000000002 2084019368 330764598 330764599 330764602 330764588 330764576 330764571 330764550 330764547 330764530 330764524
331058125: 37.8180967 -107.6583566 1313.485 2084019368 330764598 330764613 330764621 330764620 330764619 330764618 330764623 330764638
330098685: 37.8065591 -107.6690796 1524.0970000000002 2084019368 330764598 330764599 330764602 330764588 330764576 330764571 330764550 330764547 330764530 330764524 330764521
330764551: 37.808932 -107.6641836 1049.031 2084019368 330764598 330764599 330764602 330764588 330764581 330764570
330764599: 37.8123267 -107.6610804 406.34299999999996 2084019368 330764598
330764521: 37.8074359 -107.6682606 1402.9250000000002 2084019368 330764598 330764599 330764602 330764588 330764576 330764571 330764550 330764547 330764530 330764524
330764609: 37.814166 -107.6620647 711.565 2084019368 330764598 330764599 330764602 330764594
330764641: 37.8151704 -107.6571294 770.742 2084019368 330764598 330764613 330764621 330764631
330764557: 37.8104726 -107.6667961 1148.283 2084019368 330764598 330764599 330764602 330764588 330764587 330764575 330764574 330764562
330764621: 37.8134541 -107.6586234 539.029 2084019368 330764598 330764613
330764519: 37.8084171 -107.6699987 1589.3949999999998 2084019368 330764598 330764599 330764602 330764588 330764587 330764575 330764574 330764562 330764557 330764542 330764525 330764520
330764607: 37.8151958 -107.6637813 900.921 2084019368 330764598 330764599 330764602 330764594 330764609 330764608
330764633: 37.8148398 -107.6587307 752.0219999999999 2084019368 330764598 330764613 330764621 330764620
330098683: 37.8058212 -107.6697573 1625.4730000000002 2084019368 330764598 330764599 330764602 330764588 330764576 330764571 330764550 330764547 330764530 330764524 330764521 330098685
330764623: 37.8156111 -107.6607156 907.2479999999999 2084019368 330764598 330764613 330764621 330764620 330764619 330764618
330098703: 37.8031064 -107.6695588 2031.824 2084019368 330764598 330764599 330764602 330764588 330764576 330764571 330764550 330764547 330764530 330764524 330764521 330098685 330098683 330098681 330098706
330764591: 37.8146344 -107.6650835 841.7479999999999 2084019368 330764598 330764599 330764602 330764594 330764593 330764592
330764603: 37.8110377 -107.6608244 410.041 2084019368 330764598
2042183459: 37.8059188 -107.6700764 1795.8899999999999 2084019368 330764598 330764599 330764602 330764588 330764587 330764575 330764574 330764562 330764557 330764542 330764525 330764520 330098741 330098732
330764631: 37.8143249 -107.6578188 658.91 2084019368 330764598 330764613 330764621
330764585: 37.813488 -107.665345 899.292 2084019368 330764598 330764599 330764602 330764588 330764587 330764586
330764549: 37.8099492 -107.6659351 1057.131 2084019368 330764598 330764599 330764602 330764588 330764587 330764575 330764561
330098641: 37.8040903 -107.6714193 1867.279 2084019368 330764598 330764599 330764602 330764588 330764576 330764571 330764550 330764547 330764530 330764524 330764521 330098685 330098683 330098681 330098680 330098653
330764575: 37.8116381 -107.6644036 826.105 2084019368 330764598 330764599 330764602 330764588 330764587
330764525: 37.8087682 -107.6683713 1382.9619999999998 2084019368 330764598 330764599 330764602 330764588 330764587 330764575 330764574 330764562 330764557 330764542
330764637: 37.8156027 -107.6594844 878.562 2084019368 330764598 330764613 330764621 330764620 330764619 330764635 330764634
330764615: 37.8161048 -107.6629069 1014.2220000000001 2084019368 330764598 330764599 330764602 330764594 330764609 330764608
330764635: 37.8152361 -107.6597821 830.106 2084019368 330764598 330764613 330764621 330764620 330764619
330764561: 37.8108096 -107.6651412 938.736 2084019368 330764598 330764599 330764602 330764588 330764587 330764575
330764593: 37.8138228 -107.6637223 691.905 2084019368 330764598 330764599 330764602 330764594
330764613: 37.8126213 -107.6593879 424.637 2084019368 330764598
330764571: 37.8102946 -107.6642856 846.107 2084019368 330764598 330764599 330764602 330764588 330764576
330764581: 37.8106342 -107.6626378 816.054 2084019368 330764598 330764599 330764602 330764588
330098669: 37.8056042 -107.6713351 1769.864 2084019368 330764598 330764599 330764602 330764588 330764576 330764571 330764550 330764547 330764530 330764524 330764521 330098685 330098683 330098694
1826005507: 37.8043293 -107.6677159 1886.439 2084019368 330764598 330764599 330764602 330764588 330764576 330764571 330764550 330764547 330764530 330764524 330764521 330098685 330098683 330098681 330098706
330764577: 37.8101346 -107.6617791 909.7379999999999 2084019368 330764598 330764599 330764602 330764588 330764581
