1826005506: 37.8125684 -107.6687888 742.115 330764552 330764551 330764550 330764549 330764557 330764556 330764554
330764640: 37.8156472 -107.6578912 1199.6779999999999 330764552 330764551 330764570 330764581 330764588 330764602 330764599 330764614 330764620 330764633
331107624: 37.8037969 -107.6743977 1348.324 330764552 330764546 330764530 330764524 330764521 330098685 330098683 330098681 330098680 330098653 330098641
330764554: 37.8114601 -107.6685208 566.872 330764552 330764551 330764550 330764549 330764557 330764556
331058144: 37.8181867 -107.6574714 1534.7849999999999 330764552 330764551 330764570 330764581 330764588 330764587 330764594 330764609 330764618 330764623 330764638 331058125
330098706: 37.8046661 -107.6682955 1020.9370000000001 330764552 330764546 330764530 330764524 330764521 330098685 330098683 330098681
330764588: 37.8119708 -107.6627674 525.41 330764552 330764551 330764570 330764581
330764622: 37.8131405 -107.6580789 1121.54 330764552 330764551 330764570 330764581 330764588 330764602 330764599 330764614 330764613 330764621
330764546: 37.8080865 -107.6649695 198.865 330764552
330764562: 37.8113224 -107.666021 495.138 330764552 330764551 330764550 330764571 330764561
330764632: 37.8140283 -107.6572931 1238.976 330764552 330764551 330764570 330764581 330764588 330764602 330764599 330764614 330764613 330764621 330764631
330764570: 37.8097882 -107.6634165 209.939 330764552 330764551
330764618: 37.8150602 -107.6612439 973.288 330764552 330764551 330764570 330764581 330764588 330764587 330764594 330764609
330098732: 37.8062937 -107.6707095 925.243 330764552 330764546 330764530 330764524 330764521 330764520 330098741
330764602: 37.8128099 -107.6619172 644.925 330764552 330764551 330764570 330764581 330764588
330764566: 37.8118076 -107.6668819 586.332 330764552 330764551 330764550 330764549 330764557 330764556
330764550: 37.809447 -107.6650527 188.737 330764552 330764551
330764574: 37.8121361 -107.6652485 604.329 330764552 330764551 330764550 330764571 330764561 330764575
330764572: 37.812651 -107.6661068 699.0029999999999 330764552 330764551 330764550 330764571 330764561 330764575 330764574
330764530: 37.807756 -107.666603 391.88300000000004 330764552 330764546
330764638: 37.8166855 -107.6597526 1196.536 330764552 330764551 330764570 330764581 330764588 330764587 330764594 330764609 330764618 330764623
330764552: 37.8084351 -107.663328 0.0 
330764584: 37.8137179 -107.6657607 852.36 330764552 330764551 330764570 330764581 330764588 330764587 330764586 330764585
330764524: 37.8069358 -107.667405 507.13100000000003 330764552 330764546 330764530
330764576: 37.8111359 -107.6635211 419.76 330764552 330764551 330764550 330764571
3042563270: 37.8101077 -107.6617323 238.37699999999998 330764552 330764569 330764577
330764606: 37.8151535 -107.6638215 1034.547 330764552 330764551 330764570 330764581 330764588 330764587 330764586 330764593 330764592
330764592: 37.8143313 -107.6645672 922.078 330764552 330764551 330764570 330764581 330764588 330764587 330764586 330764593
330764594: 37.8133163 -107.6628318 734.408 330764552 330764551 330764570 330764581 330764588 330764587
331058146: 37.8181665 -107.6566922 1603.2669999999998 330764552 330764551 330764570 330764581 330764588 330764587 330764594 330764609 330764618 330764623 330764638 331058125 331058144
1826005504: 37.8111838 -107.6687122 602.358 330764552 330764551 330764550 330764549 330764557 330764556 330764554
330098752: 37.8067716 -107.6714618 1002.6830000000001 330764552 330764546 330764530 330764524 330764521 330764520 330098741
330764604: 37.8155688 -107.6643634 1101.628 330764552 330764551 330764570 330764581 330764588 330764587 330764586 330764593 330764592 330764606
330764644: 37.8160286 -107.656314 1404.3719999999998 330764552 330764551 330764570 330764581 330764588 330764602 330764599 330764614 330764620 330764633 330764640 330764641
330764608: 37.8146809 -107.6629016 943.6400000000001 330764552 330764551 330764570 330764581 330764588 330764587 330764594 330764609
330764620: 37.8139881 -107.6594951 967.401 330764552 330764551 330764570 330764581 330764588 330764602 330764599 330764614
330764636: 37.8155794 -107.6604956 1069.7830000000001 330764552 330764551 330764570 330764581 330764588 330764587 330764594 330764609 330764618 330764623
330764586: 37.8129837 -107.6644867 713.819 330764552 330764551 330764570 330764581 330764588 330764587
330764612: 37.8122441 -107.6587736 1016.3019999999999 330764552 330764551 330764570 330764581 330764588 330764602 330764599 330764614 330764613
330764556: 37.810977 -107.6676383 472.554 330764552 330764551 330764550 330764549 330764557
330098680: 37.8055774 -107.6699879 857.0250000000001 330764552 330764546 330764530 330764524 330764521 330098685 330098683 330098681
330764598: 37.8117991 -107.6601952 833.3969999999999 330764552 330764551 330764570 330764581 330764588 330764602 330764599
1356606892: 37.8055113 -107.6712321 981.305 330764552 330764546 330764530 330764524 330764521 330098685 330098683 330098694 330098669
330098694: 37.8056156 -107.6703259 878.118 330764552 330764546 330764530 330764524 330764521 330098685 330098683
2084019368: 37.8114968 -107.6570223 1142.328 330764552 330764551 330764570 330764581 330764588 330764602 330764599 330764598
330764526: 37.8082709 -107.6675015 489.3960000000001 330764552 330764546 330764530
330764542: 37.8096228 -107.6675632 483.672 330764552 330764546 330764547 330764543
330764520: 37.8079382 -107.6691538 696.95 330764552 330764546 330764530 330764524 330764521
330764614: 37.8131426 -107.6602623 851.7249999999999 330764552 330764551 330764570 330764581 330764588 330764602 330764599
330764634: 37.8153336 -107.6596936 1156.51 330764552 330764551 330764570 330764581 330764588 330764587 330764594 330764609 330764618 330764623 330764636 330764635
330764626: 37.8187672 -107.6622713 1480.9389999999999 330764552 330764551 330764570 330764581 330764588 330764587 330764594 330764609 330764608 330764615
330098653: 37.8044754 -107.6709965 1008.2440000000001 330764552 330764546 330764530 330764524 330764521 330098685 330098683 330098681 330098680
330764587: 37.8124751 -107.6636123 618.433 330764552 330764551 330764570 330764581 330764588
3042563877: 37.8088158 -107.6617505 202.423 330764552 330764569
330764639: 37.8159925 -107.6585 1255.8470000000002 330764552 330764551 330764570 330764581 330764588 330764587 330764594 330764609 330764618 330764623 330764636 330764637
330764619: 37.8145559 -107.6603964 1066.491 330764552 330764551 330764570 330764581 330764588 330764587 330764594 330764609 330764618
330764547: 37.8085993 -107.6658037 291.721 330764552 330764546
330764573: 37.812812 -107.6663857 729.347 330764552 330764551 330764550 330764571 330764561 330764575 330764574 330764572
330764569: 37.8092732 -107.6625555 115.31299999999999 330764552
330764643: 37.8165647 -107.6571214 1392.7540000000001 330764552 330764551 330764570 330764581 330764588 330764587 330764594 330764609 330764618 330764623 330764636 330764637 330764639
330098681: 37.8057088 -107.6698619 838.6940000000001 330764552 330764546 330764530 330764524 330764521 330098685 330098683
330098741: 37.8070608 -107.6699879 818.9670000000001 330764552 330764546 330764530 330764524 330764521 330764520
330764543: 37.8091249 -107.666713 390.7 330764552 330764546 330764547
2042183279: 37.8058594 -107.6657771 695.96 330764552 330764546 330764530 330764524
331058125: 37.8180967 -107.6583566 1456.376 330764552 330764551 330764570 330764581 330764588 330764587 330764594 330764609 330764618 330764623 330764638
330098685: 37.8065591 -107.6690796 721.8050000000001 330764552 330764546 330764530 330764524 330764521
330764551: 37.808932 -107.6641836 93.297 330764552
330764599: 37.8123267 -107.6610804 735.9849999999999 330764552 330764551 330764570 330764581 330764588 330764602
330764521: 37.8074359 -107.6682606 600.633 330764552 330764546 330764530 330764524
330764609: 37.814166 -107.6620647 850.4590000000001 330764552 330764551 330764570 330764581 330764588 330764587 330764594
330764641: 37.8151704 -107.6571294 1285.0539999999999 330764552 330764551 330764570 330764581 330764588 330764602 330764599 330764614 330764620 330764633 330764640
330764557: 37.8104726 -107.6667961 379.712 330764552 330764551 330764550 330764549
330764621: 37.8134541 -107.6586234 1062.347 330764552 330764551 330764570 330764581 330764588 330764602 330764599 330764614 330764613
330764519: 37.8084171 -107.6699987 788.3030000000001 330764552 330764546 330764530 330764524 330764521 330764520
330764607: 37.8151958 -107.6637813 1039.815 330764552 330764551 330764570 330764581 330764588 330764587 330764594 330764609 330764608
330764633: 37.8148398 -107.6587307 1083.495 330764552 330764551 330764570 330764581 330764588 330764602 330764599 330764614 330764620
330098683: 37.8058212 -107.6697573 823.181 330764552 330764546 330764530 330764524 330764521 330098685
330764623: 37.8156111 -107.6607156 1050.1390000000001 330764552 330764551 330764570 330764581 330764588 330764587 330764594 330764609 330764618
330098703: 37.8031064 -107.6695588 1229.5320000000002 330764552 330764546 330764530 330764524 330764521 330098685 330098683 330098681 330098706
330764591: 37.8146344 -107.6650835 978.617 330764552 330764551 330764570 330764581 330764588 330764587 330764586 330764593 330764592
330764603: 37.8110377 -107.6608244 934.507 330764552 330764551 330764570 330764581 330764588 330764602 330764599 330764598
2042183459: 37.8059188 -107.6700764 994.798 330764552 330764546 330764530 330764524 330764521 330764520 330098741 330098732
330764631: 37.8143249 -107.6578188 1182.228 330764552 330764551 330764570 330764581 330764588 330764602 330764599 330764614 330764613 330764621
330764585: 37.813488 -107.665345 807.784 330764552 330764551 330764570 330764581 330764588 330764587 330764586
330764549: 37.8099492 -107.6659351 284.275 330764552 330764551 330764550
330098641: 37.8040903 -107.6714193 1064.987 330764552 330764546 330764530 330764524 330764521 330098685 330098683 330098681 330098680 330098653
330764575: 37.8116381 -107.6644036 511.72299999999996 330764552 330764551 330764550 330764571 330764561
330764525: 37.8087682 -107.6683713 583.7180000000001 330764552 330764546 330764530 330764526
330764637: 37.8156027 -107.6594844 1159.1200000000001 330764552 330764551 330764570 330764581 330764588 330764587 330764594 330764609 330764618 330764623 330764636
330764615: 37.8161048 -107.6629069 1153.116 330764552 330764551 330764570 330764581 330764588 330764587 330764594 330764609 330764608
330764635: 37.8152361 -107.6597821 1143.169 330764552 330764551 330764570 330764581 330764588 330764587 330764594 330764609 330764618 330764623 330764636
330764561: 37.8108096 -107.6651412 399.092 330764552 330764551 330764550 330764571
330764593: 37.8138228 -107.6637223 828.774 330764552 330764551 330764570 330764581 330764588 330764587 330764586
330764613: 37.8126213 -107.6593879 947.9549999999999 330764552 330764551 330764570 330764581 330764588 330764602 330764599 330764614
330764571: 37.8102946 -107.6642856 304.6 330764552 330764551 330764550
330764581: 37.8106342 -107.6626378 326.274 330764552 330764551 330764570
330098669: 37.8056042 -107.6713351 967.572 330764552 330764546 330764530 330764524 330764521 330098685 330098683 330098694
1826005507: 37.8043293 -107.6677159 1084.1470000000002 330764552 330764546 330764530 330764524 330764521 330098685 330098683 330098681 330098706
330764577: 37.8101346 -107.6617791 233.29299999999998 330764552 330764569
