1826005506: 37.8125684 -107.6687888 1241.5149999999999 330764619 330764618 330764609 330764594 330764587 330764575 330764574 330764562 330764566 330764554
330764640: 37.8156472 -107.6578912 303.929 330764619 330764635 330764634 330764637 330764639
331107624: 37.8037969 -107.6743977 1889.1259999999997 330764619 330764618 330764609 330764594 330764587 330764575 330764561 330764549 330764543 330764526 330764521 330098685 330098683 330098681 330098680 330098653 330098641
330764554: 37.8114601 -107.6685208 1066.272 330764619 330764618 330764609 330764594 330764587 330764575 330764574 330764562 330764566
331058144: 37.8181867 -107.6574714 654.6999999999999 330764619 330764618 330764623 330764638 331058125
330098706: 37.8046661 -107.6682955 1561.7389999999998 330764619 330764618 330764609 330764594 330764587 330764575 330764561 330764549 330764543 330764526 330764521 330098685 330098683 330098681
330764588: 37.8119708 -107.6627674 541.081 330764619 330764618 330764609 330764594 330764587
330764622: 37.8131405 -107.6580789 257.358 330764619 330764620 330764621
330764546: 37.8080865 -107.6649695 1089.838 330764619 330764618 330764609 330764594 330764587 330764588 330764581 330764570 330764551
330764562: 37.8113224 -107.666021 769.929 330764619 330764618 330764609 330764594 330764587 330764575 330764574
330764632: 37.8140283 -107.6572931 374.794 330764619 330764620 330764621 330764631
330764570: 37.8097882 -107.6634165 856.552 330764619 330764618 330764609 330764594 330764587 330764588 330764581
330764618: 37.8150602 -107.6612439 93.203 330764619
330098732: 37.8062937 -107.6707095 1464.452 330764619 330764618 330764609 330764594 330764587 330764575 330764574 330764562 330764557 330764542 330764525 330764520 330098741
330764602: 37.8128099 -107.6619172 423.742 330764619 330764620 330764614 330764599
330764566: 37.8118076 -107.6668819 862.829 330764619 330764618 330764609 330764594 330764587 330764575 330764574 330764562
330764550: 37.809447 -107.6650527 886.133 330764619 330764618 330764609 330764594 330764587 330764588 330764576 330764571
330764574: 37.8121361 -107.6652485 656.828 330764619 330764618 330764609 330764594 330764587 330764575
330764572: 37.812651 -107.6661068 751.502 330764619 330764618 330764609 330764594 330764587 330764575 330764574
330764530: 37.807756 -107.666603 1118.3380000000002 330764619 330764618 330764609 330764594 330764587 330764588 330764576 330764571 330764550 330764547
330764638: 37.8166855 -107.6597526 316.451 330764619 330764618 330764623
330764552: 37.8084351 -107.663328 1066.491 330764619 330764618 330764609 330764594 330764587 330764588 330764581 330764570 330764551
330764584: 37.8137179 -107.6657607 681.9700000000001 330764619 330764618 330764609 330764594 330764593 330764586 330764585
330764524: 37.8069358 -107.667405 1233.5860000000002 330764619 330764618 330764609 330764594 330764587 330764588 330764576 330764571 330764550 330764547 330764530
330764576: 37.8111359 -107.6635211 655.11 330764619 330764618 330764609 330764594 330764587 330764588
3042563270: 37.8101077 -107.6617323 838.9849999999999 330764619 330764618 330764609 330764594 330764587 330764588 330764581 330764577
330764606: 37.8151535 -107.6638215 411.27000000000004 330764619 330764618 330764609 330764608 330764607
330764592: 37.8143313 -107.6645672 521.778 330764619 330764618 330764609 330764594 330764593
330764594: 37.8133163 -107.6628318 332.083 330764619 330764618 330764609
331058146: 37.8181665 -107.6566922 723.1819999999999 330764619 330764618 330764623 330764638 331058125 331058144
1826005504: 37.8111838 -107.6687122 1101.758 330764619 330764618 330764609 330764594 330764587 330764575 330764574 330764562 330764566 330764554
330098752: 37.8067716 -107.6714618 1541.8919999999998 330764619 330764618 330764609 330764594 330764587 330764575 330764574 330764562 330764557 330764542 330764525 330764520 330098741
330764604: 37.8155688 -107.6643634 478.35100000000006 330764619 330764618 330764609 330764608 330764607 330764606
330764644: 37.8160286 -107.656314 467.65 330764619 330764635 330764634 330764637 330764639 330764643
330764608: 37.8146809 -107.6629016 309.213 330764619 330764618 330764609
330764620: 37.8139881 -107.6594951 101.26599999999999 330764619
330764636: 37.8155794 -107.6604956 166.298 330764619 330764635
330764586: 37.8129837 -107.6644867 543.4290000000001 330764619 330764618 330764609 330764594 330764593
330764612: 37.8122441 -107.6587736 380.904 330764619 330764620 330764621 330764613
330764556: 37.810977 -107.6676383 976.607 330764619 330764618 330764609 330764594 330764587 330764575 330764574 330764562 330764566
330098680: 37.8055774 -107.6699879 1397.8269999999998 330764619 330764618 330764609 330764594 330764587 330764575 330764561 330764549 330764543 330764526 330764521 330098685 330098683 330098681
330764598: 37.8117991 -107.6601952 428.26300000000003 330764619 330764620 330764621 330764613
1356606892: 37.8055113 -107.6712321 1522.1069999999997 330764619 330764618 330764609 330764594 330764587 330764575 330764561 330764549 330764543 330764526 330764521 330098685 330098683 330098694 330098669
330098694: 37.8056156 -107.6703259 1418.9199999999998 330764619 330764618 330764609 330764594 330764587 330764575 330764561 330764549 330764543 330764526 330764521 330098685 330098683
2084019368: 37.8114968 -107.6570223 737.194 330764619 330764620 330764621 330764613 330764598
330764526: 37.8082709 -107.6675015 1027.119 330764619 330764618 330764609 330764594 330764587 330764575 330764561 330764549 330764543
330764542: 37.8096228 -107.6675632 1002.462 330764619 330764618 330764609 330764594 330764587 330764575 330764574 330764562 330764557
330764520: 37.8079382 -107.6691538 1236.1589999999999 330764619 330764618 330764609 330764594 330764587 330764575 330764574 330764562 330764557 330764542 330764525
330764614: 37.8131426 -107.6602623 216.942 330764619 330764620
330764634: 37.8153336 -107.6596936 106.253 330764619 330764635
330764626: 37.8187672 -107.6622713 846.512 330764619 330764618 330764609 330764608 330764615
330098653: 37.8044754 -107.6709965 1549.0459999999998 330764619 330764618 330764609 330764594 330764587 330764575 330764561 330764549 330764543 330764526 330764521 330098685 330098683 330098681 330098680
330764587: 37.8124751 -107.6636123 448.058 330764619 330764618 330764609 330764594
3042563877: 37.8088158 -107.6617505 1038.533 330764619 330764618 330764609 330764594 330764587 330764588 330764581 330764570 330764569
330764639: 37.8159925 -107.6585 238.095 330764619 330764635 330764634 330764637
330764619: 37.8145559 -107.6603964 0.0 
330764547: 37.8085993 -107.6658037 1001.1890000000001 330764619 330764618 330764609 330764594 330764587 330764588 330764576 330764571 330764550
330764573: 37.812812 -107.6663857 781.846 330764619 330764618 330764609 330764594 330764587 330764575 330764574 330764572
330764569: 37.8092732 -107.6625555 951.423 330764619 330764618 330764609 330764594 330764587 330764588 330764581 330764570
330764643: 37.8165647 -107.6571214 375.002 330764619 330764635 330764634 330764637 330764639
330098681: 37.8057088 -107.6698619 1379.4959999999999 330764619 330764618 330764609 330764594 330764587 330764575 330764561 330764549 330764543 330764526 330764521 330098685 330098683
330098741: 37.8070608 -107.6699879 1358.176 330764619 330764618 330764609 330764594 330764587 330764575 330764574 330764562 330764557 330764542 330764525 330764520
330764543: 37.8091249 -107.666713 909.578 330764619 330764618 330764609 330764594 330764587 330764575 330764561 330764549
2042183279: 37.8058594 -107.6657771 1422.4150000000002 330764619 330764618 330764609 330764594 330764587 330764588 330764576 330764571 330764550 330764547 330764530 330764524
331058125: 37.8180967 -107.6583566 576.2909999999999 330764619 330764618 330764623 330764638
330098685: 37.8065591 -107.6690796 1262.607 330764619 330764618 330764609 330764594 330764587 330764575 330764561 330764549 330764543 330764526 330764521
330764551: 37.808932 -107.6641836 973.194 330764619 330764618 330764609 330764594 330764587 330764588 330764581 330764570
330764599: 37.8123267 -107.6610804 332.682 330764619 330764620 330764614
330764521: 37.8074359 -107.6682606 1141.435 330764619 330764618 330764609 330764594 330764587 330764575 330764561 330764549 330764543 330764526
330764609: 37.814166 -107.6620647 216.032 330764619 330764618
330764641: 37.8151704 -107.6571294 389.30499999999995 330764619 330764635 330764634 330764637 330764639 330764640
330764557: 37.8104726 -107.6667961 886.4 330764619 330764618 330764609 330764594 330764587 330764575 330764574 330764562
330764621: 37.8134541 -107.6586234 198.165 330764619 330764620
330764519: 37.8084171 -107.6699987 1327.512 330764619 330764618 330764609 330764594 330764587 330764575 330764574 330764562 330764557 330764542 330764525 330764520
330764607: 37.8151958 -107.6637813 405.38800000000003 330764619 330764618 330764609 330764608
330764633: 37.8148398 -107.6587307 207.096 330764619 330764635 330764634
330098683: 37.8058212 -107.6697573 1363.983 330764619 330764618 330764609 330764594 330764587 330764575 330764561 330764549 330764543 330764526 330764521 330098685
330764623: 37.8156111 -107.6607156 170.054 330764619 330764618
330098703: 37.8031064 -107.6695588 1770.3339999999998 330764619 330764618 330764609 330764594 330764587 330764575 330764561 330764549 330764543 330764526 330764521 330098685 330098683 330098681 330098706
330764591: 37.8146344 -107.6650835 578.317 330764619 330764618 330764609 330764594 330764593 330764592
330764603: 37.8110377 -107.6608244 529.373 330764619 330764620 330764621 330764613 330764598
2042183459: 37.8059188 -107.6700764 1534.007 330764619 330764618 330764609 330764594 330764587 330764575 330764574 330764562 330764557 330764542 330764525 330764520 330098741 330098732
330764631: 37.8143249 -107.6578188 318.046 330764619 330764620 330764621
330764585: 37.813488 -107.665345 637.3940000000001 330764619 330764618 330764609 330764594 330764593 330764586
330764549: 37.8099492 -107.6659351 795.2479999999999 330764619 330764618 330764609 330764594 330764587 330764575 330764561
330098641: 37.8040903 -107.6714193 1605.7889999999998 330764619 330764618 330764609 330764594 330764587 330764575 330764561 330764549 330764543 330764526 330764521 330098685 330098683 330098681 330098680 330098653
330764575: 37.8116381 -107.6644036 564.222 330764619 330764618 330764609 330764594 330764587
330764525: 37.8087682 -107.6683713 1121.079 330764619 330764618 330764609 330764594 330764587 330764575 330764574 330764562 330764557 330764542
330764637: 37.8156027 -107.6594844 141.368 330764619 330764635 330764634
330764615: 37.8161048 -107.6629069 518.689 330764619 330764618 330764609 330764608
330764635: 37.8152361 -107.6597821 92.912 330764619
330764561: 37.8108096 -107.6651412 676.853 330764619 330764618 330764609 330764594 330764587 330764575
330764593: 37.8138228 -107.6637223 428.47400000000005 330764619 330764618 330764609 330764594
330764613: 37.8126213 -107.6593879 312.557 330764619 330764620 330764621
330764571: 37.8102946 -107.6642856 770.27 330764619 330764618 330764609 330764594 330764587 330764588 330764576
330764581: 37.8106342 -107.6626378 740.217 330764619 330764618 330764609 330764594 330764587 330764588
330098669: 37.8056042 -107.6713351 1508.3739999999998 330764619 330764618 330764609 330764594 330764587 330764575 330764561 330764549 330764543 330764526 330764521 330098685 330098683 330098694
1826005507: 37.8043293 -107.6677159 1624.9489999999998 330764619 330764618 330764609 330764594 330764587 330764575 330764561 330764549 330764543 330764526 330764521 330098685 330098683 330098681 330098706
330764577: 37.8101346 -107.6617791 833.901 330764619 330764618 330764609 330764594 330764587 330764588 330764581
