1826005506: 37.8125684 -107.6687888 815.233 330764593 330764586 330764574 330764562 330764566 330764554
330764640: 37.8156472 -107.6578912 683.664 330764593 330764594 330764609 330764618 330764623 330764636 330764637 330764639
331107624: 37.8037969 -107.6743977 1648.0559999999998 330764593 330764586 330764574 330764575 330764561 330764549 330764543 330764526 330764521 330098685 330098683 330098681 330098680 330098653 330098641
330764554: 37.8114601 -107.6685208 639.99 330764593 330764586 330764574 330764562 330764566
331058144: 37.8181867 -107.6574714 896.7679999999999 330764593 330764594 330764609 330764618 330764623 330764638 331058125
330098706: 37.8046661 -107.6682955 1320.6689999999999 330764593 330764586 330764574 330764575 330764561 330764549 330764543 330764526 330764521 330098685 330098683 330098681
330764588: 37.8119708 -107.6627674 303.36400000000003 330764593 330764586 330764587
330764622: 37.8131405 -107.6580789 671.117 330764593 330764594 330764602 330764599 330764614 330764613 330764621
330764546: 37.8080865 -107.6649695 852.1210000000001 330764593 330764586 330764587 330764588 330764581 330764570 330764551
330764562: 37.8113224 -107.666021 343.647 330764593 330764586 330764574
330764632: 37.8140283 -107.6572931 788.553 330764593 330764594 330764602 330764599 330764614 330764613 330764621 330764631
330764570: 37.8097882 -107.6634165 618.835 330764593 330764586 330764587 330764588 330764581
330764618: 37.8150602 -107.6612439 335.271 330764593 330764594 330764609
330098732: 37.8062937 -107.6707095 1038.17 330764593 330764586 330764574 330764562 330764557 330764542 330764525 330764520 330098741
330764602: 37.8128099 -107.6619172 194.502 330764593 330764594
330764566: 37.8118076 -107.6668819 436.547 330764593 330764586 330764574 330764562
330764550: 37.809447 -107.6650527 646.1379999999999 330764593 330764586 330764574 330764575 330764561 330764571
330764574: 37.8121361 -107.6652485 230.546 330764593 330764586
330764572: 37.812651 -107.6661068 323.552 330764593 330764586 330764585
330764530: 37.807756 -107.666603 878.343 330764593 330764586 330764574 330764575 330764561 330764571 330764550 330764547
330764638: 37.8166855 -107.6597526 558.519 330764593 330764594 330764609 330764618 330764623
330764552: 37.8084351 -107.663328 828.7740000000001 330764593 330764586 330764587 330764588 330764581 330764570 330764551
330764584: 37.8137179 -107.6657607 253.496 330764593 330764586 330764585
330764524: 37.8069358 -107.667405 993.591 330764593 330764586 330764574 330764575 330764561 330764571 330764550 330764547 330764530
330764576: 37.8111359 -107.6635211 417.39300000000003 330764593 330764586 330764587 330764588
3042563270: 37.8101077 -107.6617323 601.2679999999999 330764593 330764586 330764587 330764588 330764581 330764577
330764606: 37.8151535 -107.6638215 205.773 330764593 330764592
330764592: 37.8143313 -107.6645672 93.304 330764593
330764594: 37.8133163 -107.6628318 96.39099999999999 330764593
331058146: 37.8181665 -107.6566922 965.2499999999999 330764593 330764594 330764609 330764618 330764623 330764638 331058125 331058144
1826005504: 37.8111838 -107.6687122 675.476 330764593 330764586 330764574 330764562 330764566 330764554
330098752: 37.8067716 -107.6714618 1115.6100000000001 330764593 330764586 330764574 330764562 330764557 330764542 330764525 330764520 330098741
330764604: 37.8155688 -107.6643634 272.854 330764593 330764592 330764606
330764644: 37.8160286 -107.656314 847.3850000000001 330764593 330764594 330764609 330764618 330764623 330764636 330764637 330764639 330764643
330764608: 37.8146809 -107.6629016 119.59 330764593
330764620: 37.8139881 -107.6594951 516.9780000000001 330764593 330764594 330764602 330764599 330764614
330764636: 37.8155794 -107.6604956 431.766 330764593 330764594 330764609 330764618 330764623
330764586: 37.8129837 -107.6644867 114.955 330764593
330764612: 37.8122441 -107.6587736 565.879 330764593 330764594 330764602 330764599 330764614 330764613
330764556: 37.810977 -107.6676383 550.325 330764593 330764586 330764574 330764562 330764566
330098680: 37.8055774 -107.6699879 1156.7569999999998 330764593 330764586 330764574 330764575 330764561 330764549 330764543 330764526 330764521 330098685 330098683 330098681
330764598: 37.8117991 -107.6601952 382.97400000000005 330764593 330764594 330764602 330764599
1356606892: 37.8055113 -107.6712321 1281.0369999999998 330764593 330764586 330764574 330764575 330764561 330764549 330764543 330764526 330764521 330098685 330098683 330098694 330098669
330098694: 37.8056156 -107.6703259 1177.85 330764593 330764586 330764574 330764575 330764561 330764549 330764543 330764526 330764521 330098685 330098683
2084019368: 37.8114968 -107.6570223 691.905 330764593 330764594 330764602 330764599 330764598
330764526: 37.8082709 -107.6675015 786.049 330764593 330764586 330764574 330764575 330764561 330764549 330764543
330764542: 37.8096228 -107.6675632 576.18 330764593 330764586 330764574 330764562 330764557
330764520: 37.8079382 -107.6691538 809.877 330764593 330764586 330764574 330764562 330764557 330764542 330764525
330764614: 37.8131426 -107.6602623 401.302 330764593 330764594 330764602 330764599
330764634: 37.8153336 -107.6596936 518.493 330764593 330764594 330764609 330764618 330764623 330764636 330764635
330764626: 37.8187672 -107.6622713 656.8889999999999 330764593 330764608 330764615
330098653: 37.8044754 -107.6709965 1307.9759999999999 330764593 330764586 330764574 330764575 330764561 330764549 330764543 330764526 330764521 330098685 330098683 330098681 330098680
330764587: 37.8124751 -107.6636123 210.341 330764593 330764586
3042563877: 37.8088158 -107.6617505 800.816 330764593 330764586 330764587 330764588 330764581 330764570 330764569
330764639: 37.8159925 -107.6585 617.83 330764593 330764594 330764609 330764618 330764623 330764636 330764637
330764619: 37.8145559 -107.6603964 428.47400000000005 330764593 330764594 330764609 330764618
330764547: 37.8085993 -107.6658037 761.194 330764593 330764586 330764574 330764575 330764561 330764571 330764550
330764573: 37.812812 -107.6663857 353.896 330764593 330764586 330764585 330764572
330764569: 37.8092732 -107.6625555 713.706 330764593 330764586 330764587 330764588 330764581 330764570
330764643: 37.8165647 -107.6571214 754.7370000000001 330764593 330764594 330764609 330764618 330764623 330764636 330764637 330764639
330098681: 37.8057088 -107.6698619 1138.426 330764593 330764586 330764574 330764575 330764561 330764549 330764543 330764526 330764521 330098685 330098683
330098741: 37.8070608 -107.6699879 931.894 330764593 330764586 330764574 330764562 330764557 330764542 330764525 330764520
330764543: 37.8091249 -107.666713 668.508 330764593 330764586 330764574 330764575 330764561 330764549
2042183279: 37.8058594 -107.6657771 1182.42 330764593 330764586 330764574 330764575 330764561 330764571 330764550 330764547 330764530 330764524
331058125: 37.8180967 -107.6583566 818.3589999999999 330764593 330764594 330764609 330764618 330764623 330764638
330098685: 37.8065591 -107.6690796 1021.537 330764593 330764586 330764574 330764575 330764561 330764549 330764543 330764526 330764521
330764551: 37.808932 -107.6641836 735.4770000000001 330764593 330764586 330764587 330764588 330764581 330764570
330764599: 37.8123267 -107.6610804 285.562 330764593 330764594 330764602
330764521: 37.8074359 -107.6682606 900.365 330764593 330764586 330764574 330764575 330764561 330764549 330764543 330764526
330764609: 37.814166 -107.6620647 212.442 330764593 330764594
330764641: 37.8151704 -107.6571294 769.04 330764593 330764594 330764609 330764618 330764623 330764636 330764637 330764639 330764640
330764557: 37.8104726 -107.6667961 460.118 330764593 330764586 330764574 330764562
330764621: 37.8134541 -107.6586234 611.924 330764593 330764594 330764602 330764599 330764614 330764613
330764519: 37.8084171 -107.6699987 901.23 330764593 330764586 330764574 330764562 330764557 330764542 330764525 330764520
330764607: 37.8151958 -107.6637813 211.655 330764593 330764592 330764606
330764633: 37.8148398 -107.6587307 619.336 330764593 330764594 330764609 330764618 330764623 330764636 330764635 330764634
330098683: 37.8058212 -107.6697573 1122.913 330764593 330764586 330764574 330764575 330764561 330764549 330764543 330764526 330764521 330098685
330764623: 37.8156111 -107.6607156 412.122 330764593 330764594 330764609 330764618
330098703: 37.8031064 -107.6695588 1529.264 330764593 330764586 330764574 330764575 330764561 330764549 330764543 330764526 330764521 330098685 330098683 330098681 330098706
330764591: 37.8146344 -107.6650835 149.84300000000002 330764593 330764592
330764603: 37.8110377 -107.6608244 484.08400000000006 330764593 330764594 330764602 330764599 330764598
2042183459: 37.8059188 -107.6700764 1107.7250000000001 330764593 330764586 330764574 330764562 330764557 330764542 330764525 330764520 330098741 330098732
330764631: 37.8143249 -107.6578188 731.805 330764593 330764594 330764602 330764599 330764614 330764613 330764621
330764585: 37.813488 -107.665345 208.92000000000002 330764593 330764586
330764549: 37.8099492 -107.6659351 554.178 330764593 330764586 330764574 330764575 330764561
330098641: 37.8040903 -107.6714193 1364.7189999999998 330764593 330764586 330764574 330764575 330764561 330764549 330764543 330764526 330764521 330098685 330098683 330098681 330098680 330098653
330764575: 37.8116381 -107.6644036 323.152 330764593 330764586 330764574
330764525: 37.8087682 -107.6683713 694.7969999999999 330764593 330764586 330764574 330764562 330764557 330764542
330764637: 37.8156027 -107.6594844 521.1030000000001 330764593 330764594 330764609 330764618 330764623 330764636
330764615: 37.8161048 -107.6629069 329.066 330764593 330764608
330764635: 37.8152361 -107.6597821 505.15200000000004 330764593 330764594 330764609 330764618 330764623 330764636
330764561: 37.8108096 -107.6651412 435.783 330764593 330764586 330764574 330764575
330764593: 37.8138228 -107.6637223 0.0 
330764613: 37.8126213 -107.6593879 497.53200000000004 330764593 330764594 330764602 330764599 330764614
330764571: 37.8102946 -107.6642856 530.275 330764593 330764586 330764574 330764575 330764561
330764581: 37.8106342 -107.6626378 502.5 330764593 330764586 330764587 330764588
330098669: 37.8056042 -107.6713351 1267.3039999999999 330764593 330764586 330764574 330764575 330764561 330764549 330764543 330764526 330764521 330098685 330098683 330098694
1826005507: 37.8043293 -107.6677159 1383.879 330764593 330764586 330764574 330764575 330764561 330764549 330764543 330764526 330764521 330098685 330098683 330098681 330098706
330764577: 37.8101346 -107.6617791 596.184 330764593 330764586 330764587 330764588 330764581
