1826005506: 37.8125684 -107.6687888 1600.046 330764632 330764631 330764621 330764613 330764614 330764599 330764602 330764588 330764587 330764575 330764574 330764562 330764566 330764554
330764640: 37.8156472 -107.6578912 253.956 330764632 330764631 330764641
331107624: 37.8037969 -107.6743977 2247.2639999999997 330764632 330764631 330764621 330764613 330764614 330764599 330764602 330764588 330764576 330764571 330764550 330764547 330764530 330764524 330764521 330098685 330098683 330098681 330098680 330098653 330098641
330764554: 37.8114601 -107.6685208 1424.803 330764632 330764631 330764621 330764613 330764614 330764599 330764602 330764588 330764587 330764575 330764574 330764562 330764566
331058144: 37.8181867 -107.6574714 792.369 330764632 330764631 330764641 330764640 330764639 330764638 331058125
330098706: 37.8046661 -107.6682955 1919.8769999999997 330764632 330764631 330764621 330764613 330764614 330764599 330764602 330764588 330764576 330764571 330764550 330764547 330764530 330764524 330764521 330098685 330098683 330098681
330764588: 37.8119708 -107.6627674 713.5659999999999 330764632 330764631 330764621 330764613 330764614 330764599 330764602
330764622: 37.8131405 -107.6580789 235.822 330764632 330764631 330764621
330764546: 37.8080865 -107.6649695 1262.3229999999999 330764632 330764631 330764621 330764613 330764614 330764599 330764602 330764588 330764581 330764570 330764551
330764562: 37.8113224 -107.666021 1128.46 330764632 330764631 330764621 330764613 330764614 330764599 330764602 330764588 330764587 330764575 330764574
330764632: 37.8140283 -107.6572931 0.0 
330764570: 37.8097882 -107.6634165 1029.0369999999998 330764632 330764631 330764621 330764613 330764614 330764599 330764602 330764588 330764581
330764618: 37.8150602 -107.6612439 467.99699999999996 330764632 330764631 330764621 330764620 330764619
330098732: 37.8062937 -107.6707095 1822.983 330764632 330764631 330764621 330764613 330764614 330764599 330764602 330764588 330764587 330764575 330764574 330764562 330764557 330764542 330764525 330764520 330098741
330764602: 37.8128099 -107.6619172 594.0509999999999 330764632 330764631 330764621 330764613 330764614 330764599
330764566: 37.8118076 -107.6668819 1221.3600000000001 330764632 330764631 330764621 330764613 330764614 330764599 330764602 330764588 330764587 330764575 330764574 330764562
330764550: 37.809447 -107.6650527 1058.618 330764632 330764631 330764621 330764613 330764614 330764599 330764602 330764588 330764576 330764571
330764574: 37.8121361 -107.6652485 1015.3589999999999 330764632 330764631 330764621 330764613 330764614 330764599 330764602 330764588 330764587 330764575
330764572: 37.812651 -107.6661068 1110.033 330764632 330764631 330764621 330764613 330764614 330764599 330764602 330764588 330764587 330764575 330764574
330764530: 37.807756 -107.666603 1290.8229999999999 330764632 330764631 330764621 330764613 330764614 330764599 330764602 330764588 330764576 330764571 330764550 330764547
330764638: 37.8166855 -107.6597526 454.12 330764632 330764631 330764641 330764640 330764639
330764552: 37.8084351 -107.663328 1238.9759999999999 330764632 330764631 330764621 330764613 330764614 330764599 330764602 330764588 330764581 330764570 330764551
330764584: 37.8137179 -107.6657607 1040.5159999999998 330764632 330764631 330764621 330764613 330764614 330764599 330764602 330764588 330764587 330764586 330764585
330764524: 37.8069358 -107.667405 1406.071 330764632 330764631 330764621 330764613 330764614 330764599 330764602 330764588 330764576 330764571 330764550 330764547 330764530
330764576: 37.8111359 -107.6635211 827.5949999999999 330764632 330764631 330764621 330764613 330764614 330764599 330764602 330764588
3042563270: 37.8101077 -107.6617323 1011.4699999999998 330764632 330764631 330764621 330764613 330764614 330764599 330764602 330764588 330764581 330764577
330764606: 37.8151535 -107.6638215 786.064 330764632 330764631 330764621 330764620 330764619 330764618 330764609 330764608 330764607
330764592: 37.8143313 -107.6645672 881.8569999999999 330764632 330764631 330764621 330764613 330764614 330764599 330764602 330764594 330764593
330764594: 37.8133163 -107.6628318 692.1619999999999 330764632 330764631 330764621 330764613 330764614 330764599 330764602
331058146: 37.8181665 -107.6566922 860.851 330764632 330764631 330764641 330764640 330764639 330764638 331058125 331058144
1826005504: 37.8111838 -107.6687122 1460.2890000000002 330764632 330764631 330764621 330764613 330764614 330764599 330764602 330764588 330764587 330764575 330764574 330764562 330764566 330764554
330098752: 37.8067716 -107.6714618 1900.4229999999998 330764632 330764631 330764621 330764613 330764614 330764599 330764602 330764588 330764587 330764575 330764574 330764562 330764557 330764542 330764525 330764520 330098741
330764604: 37.8155688 -107.6643634 853.145 330764632 330764631 330764621 330764620 330764619 330764618 330764609 330764608 330764607 330764606
330764644: 37.8160286 -107.656314 287.89799999999997 330764632 330764631 330764641
330764608: 37.8146809 -107.6629016 684.0070000000001 330764632 330764631 330764621 330764620 330764619 330764618 330764609
330764620: 37.8139881 -107.6594951 273.528 330764632 330764631 330764621
330764636: 37.8155794 -107.6604956 505.8539999999999 330764632 330764631 330764641 330764640 330764639 330764637
330764586: 37.8129837 -107.6644867 901.9749999999999 330764632 330764631 330764621 330764613 330764614 330764599 330764602 330764588 330764587
330764612: 37.8122441 -107.6587736 359.36799999999994 330764632 330764631 330764621 330764613
330764556: 37.810977 -107.6676383 1335.1380000000001 330764632 330764631 330764621 330764613 330764614 330764599 330764602 330764588 330764587 330764575 330764574 330764562 330764566
330098680: 37.8055774 -107.6699879 1755.9649999999997 330764632 330764631 330764621 330764613 330764614 330764599 330764602 330764588 330764576 330764571 330764550 330764547 330764530 330764524 330764521 330098685 330098683 330098681
330764598: 37.8117991 -107.6601952 406.727 330764632 330764631 330764621 330764613
1356606892: 37.8055113 -107.6712321 1880.2449999999997 330764632 330764631 330764621 330764613 330764614 330764599 330764602 330764588 330764576 330764571 330764550 330764547 330764530 330764524 330764521 330098685 330098683 330098694 330098669
330098694: 37.8056156 -107.6703259 1777.0579999999998 330764632 330764631 330764621 330764613 330764614 330764599 330764602 330764588 330764576 330764571 330764550 330764547 330764530 330764524 330764521 330098685 330098683
2084019368: 37.8114968 -107.6570223 715.6579999999999 330764632 330764631 330764621 330764613 330764598
330764526: 37.8082709 -107.6675015 1385.6499999999999 330764632 330764631 330764621 330764613 330764614 330764599 330764602 330764588 330764587 330764575 330764561 330764549 330764543
330764542: 37.8096228 -107.6675632 1360.993 330764632 330764631 330764621 330764613 330764614 330764599 330764602 330764588 330764587 330764575 330764574 330764562 330764557
330764520: 37.8079382 -107.6691538 1594.6899999999998 330764632 330764631 330764621 330764613 330764614 330764599 330764602 330764588 330764587 330764575 330764574 330764562 330764557 330764542 330764525
330764614: 37.8131426 -107.6602623 387.251 330764632 330764631 330764621 330764613
330764634: 37.8153336 -107.6596936 451.63199999999995 330764632 330764631 330764641 330764640 330764639 330764637
330764626: 37.8187672 -107.6622713 1221.306 330764632 330764631 330764621 330764620 330764619 330764618 330764609 330764608 330764615
330098653: 37.8044754 -107.6709965 1907.1839999999997 330764632 330764631 330764621 330764613 330764614 330764599 330764602 330764588 330764576 330764571 330764550 330764547 330764530 330764524 330764521 330098685 330098683 330098681 330098680
330764587: 37.8124751 -107.6636123 806.5889999999999 330764632 330764631 330764621 330764613 330764614 330764599 330764602 330764588
3042563877: 37.8088158 -107.6617505 1211.0179999999998 330764632 330764631 330764621 330764613 330764614 330764599 330764602 330764588 330764581 330764570 330764569
330764639: 37.8159925 -107.6585 319.78999999999996 330764632 330764631 330764641 330764640
330764619: 37.8145559 -107.6603964 374.794 330764632 330764631 330764621 330764620
330764547: 37.8085993 -107.6658037 1173.674 330764632 330764631 330764621 330764613 330764614 330764599 330764602 330764588 330764576 330764571 330764550
330764573: 37.812812 -107.6663857 1140.377 330764632 330764631 330764621 330764613 330764614 330764599 330764602 330764588 330764587 330764575 330764574 330764572
330764569: 37.8092732 -107.6625555 1123.908 330764632 330764631 330764621 330764613 330764614 330764599 330764602 330764588 330764581 330764570
330764643: 37.8165647 -107.6571214 380.54599999999994 330764632 330764631 330764641 330764644
330098681: 37.8057088 -107.6698619 1737.6339999999998 330764632 330764631 330764621 330764613 330764614 330764599 330764602 330764588 330764576 330764571 330764550 330764547 330764530 330764524 330764521 330098685 330098683
330098741: 37.8070608 -107.6699879 1716.7069999999999 330764632 330764631 330764621 330764613 330764614 330764599 330764602 330764588 330764587 330764575 330764574 330764562 330764557 330764542 330764525 330764520
330764543: 37.8091249 -107.666713 1268.109 330764632 330764631 330764621 330764613 330764614 330764599 330764602 330764588 330764587 330764575 330764561 330764549
2042183279: 37.8058594 -107.6657771 1594.8999999999999 330764632 330764631 330764621 330764613 330764614 330764599 330764602 330764588 330764576 330764571 330764550 330764547 330764530 330764524
331058125: 37.8180967 -107.6583566 713.96 330764632 330764631 330764641 330764640 330764639 330764638
330098685: 37.8065591 -107.6690796 1620.745 330764632 330764631 330764621 330764613 330764614 330764599 330764602 330764588 330764576 330764571 330764550 330764547 330764530 330764524 330764521
330764551: 37.808932 -107.6641836 1145.6789999999999 330764632 330764631 330764621 330764613 330764614 330764599 330764602 330764588 330764581 330764570
330764599: 37.8123267 -107.6610804 502.991 330764632 330764631 330764621 330764613 330764614
330764521: 37.8074359 -107.6682606 1499.5729999999999 330764632 330764631 330764621 330764613 330764614 330764599 330764602 330764588 330764576 330764571 330764550 330764547 330764530 330764524
330764609: 37.814166 -107.6620647 590.826 330764632 330764631 330764621 330764620 330764619 330764618
330764641: 37.8151704 -107.6571294 168.57999999999998 330764632 330764631
330764557: 37.8104726 -107.6667961 1244.931 330764632 330764631 330764621 330764613 330764614 330764599 330764602 330764588 330764587 330764575 330764574 330764562
330764621: 37.8134541 -107.6586234 176.629 330764632 330764631
330764519: 37.8084171 -107.6699987 1686.043 330764632 330764631 330764621 330764613 330764614 330764599 330764602 330764588 330764587 330764575 330764574 330764562 330764557 330764542 330764525 330764520
330764607: 37.8151958 -107.6637813 780.182 330764632 330764631 330764621 330764620 330764619 330764618 330764609 330764608
330764633: 37.8148398 -107.6587307 370.139 330764632 330764631 330764641 330764640
330098683: 37.8058212 -107.6697573 1722.1209999999999 330764632 330764631 330764621 330764613 330764614 330764599 330764602 330764588 330764576 330764571 330764550 330764547 330764530 330764524 330764521 330098685
330764623: 37.8156111 -107.6607156 525.4979999999999 330764632 330764631 330764641 330764640 330764639 330764637 330764636
330098703: 37.8031064 -107.6695588 2128.4719999999998 330764632 330764631 330764621 330764613 330764614 330764599 330764602 330764588 330764576 330764571 330764550 330764547 330764530 330764524 330764521 330098685 330098683 330098681 330098706
330764591: 37.8146344 -107.6650835 938.3959999999998 330764632 330764631 330764621 330764613 330764614 330764599 330764602 330764594 330764593 330764592
330764603: 37.8110377 -107.6608244 507.837 330764632 330764631 330764621 330764613 330764598
2042183459: 37.8059188 -107.6700764 1892.538 330764632 330764631 330764621 330764613 330764614 330764599 330764602 330764588 330764587 330764575 330764574 330764562 330764557 330764542 330764525 330764520 330098741 330098732
330764631: 37.8143249 -107.6578188 56.748 330764632
330764585: 37.813488 -107.665345 995.9399999999999 330764632 330764631 330764621 330764613 330764614 330764599 330764602 330764588 330764587 330764586
330764549: 37.8099492 -107.6659351 1153.779 330764632 330764631 330764621 330764613 330764614 330764599 330764602 330764588 330764587 330764575 330764561
330098641: 37.8040903 -107.6714193 1963.9269999999997 330764632 330764631 330764621 330764613 330764614 330764599 330764602 330764588 330764576 330764571 330764550 330764547 330764530 330764524 330764521 330098685 330098683 330098681 330098680 330098653
330764575: 37.8116381 -107.6644036 922.7529999999999 330764632 330764631 330764621 330764613 330764614 330764599 330764602 330764588 330764587
330764525: 37.8087682 -107.6683713 1479.61 330764632 330764631 330764621 330764613 330764614 330764599 330764602 330764588 330764587 330764575 330764574 330764562 330764557 330764542
330764637: 37.8156027 -107.6594844 416.51699999999994 330764632 330764631 330764641 330764640 330764639
330764615: 37.8161048 -107.6629069 893.4830000000001 330764632 330764631 330764621 330764620 330764619 330764618 330764609 330764608
330764635: 37.8152361 -107.6597821 464.97299999999996 330764632 330764631 330764641 330764640 330764639 330764637 330764634
330764561: 37.8108096 -107.6651412 1035.384 330764632 330764631 330764621 330764613 330764614 330764599 330764602 330764588 330764587 330764575
330764593: 37.8138228 -107.6637223 788.5529999999999 330764632 330764631 330764621 330764613 330764614 330764599 330764602 330764594
330764613: 37.8126213 -107.6593879 291.02099999999996 330764632 330764631 330764621
330764571: 37.8102946 -107.6642856 942.7549999999999 330764632 330764631 330764621 330764613 330764614 330764599 330764602 330764588 330764576
330764581: 37.8106342 -107.6626378 912.7019999999999 330764632 330764631 330764621 330764613 330764614 330764599 330764602 330764588
330098669: 37.8056042 -107.6713351 1866.5119999999997 330764632 330764631 330764621 330764613 330764614 330764599 330764602 330764588 330764576 330764571 330764550 330764547 330764530 330764524 330764521 330098685 330098683 330098694
1826005507: 37.8043293 -107.6677159 1983.0869999999998 330764632 330764631 330764621 330764613 330764614 330764599 330764602 330764588 330764576 330764571 330764550 330764547 330764530 330764524 330764521 330098685 330098683 330098681 330098706
330764577: 37.8101346 -107.6617791 1006.3859999999999 330764632 330764631 330764621 330764613 330764614 330764599 330764602 330764588 330764581
