1826005506: 37.8125684 -107.6687888 210.72899999999998 1826005504 330764554
330764640: 37.8156472 -107.6578912 1356.948 1826005504 330764554 330764566 330764562 330764574 330764575 330764587 330764594 330764609 330764618 330764623 330764636 330764637 330764639
331107624: 37.8037969 -107.6743977 1411.228 1826005504 330764554 330764556 330764557 330764542 330764543 330764526 330764521 330098685 330098683 330098681 330098680 330098653 330098641
330764554: 37.8114601 -107.6685208 35.486 1826005504
331058144: 37.8181867 -107.6574714 1570.0519999999997 1826005504 330764554 330764566 330764562 330764574 330764575 330764587 330764594 330764609 330764618 330764623 330764638 331058125
330098706: 37.8046661 -107.6682955 1083.8410000000001 1826005504 330764554 330764556 330764557 330764542 330764543 330764526 330764521 330098685 330098683 330098681
330764588: 37.8119708 -107.6627674 746.723 1826005504 330764554 330764566 330764562 330764574 330764575 330764587
330764622: 37.8131405 -107.6580789 1342.853 1826005504 330764554 330764566 330764562 330764574 330764575 330764587 330764588 330764602 330764599 330764614 330764613 330764621
330764546: 37.8080865 -107.6649695 621.533 1826005504 330764554 330764556 330764557 330764549 330764550 330764547
330764562: 37.8113224 -107.666021 331.82899999999995 1826005504 330764554 330764566
330764632: 37.8140283 -107.6572931 1460.2890000000002 1826005504 330764554 330764566 330764562 330764574 330764575 330764587 330764588 330764602 330764599 330764614 330764613 330764621 330764631
330764570: 37.8097882 -107.6634165 617.2349999999999 1826005504 330764554 330764566 330764562 330764561 330764571
330764618: 37.8150602 -107.6612439 1008.5550000000001 1826005504 330764554 330764566 330764562 330764574 330764575 330764587 330764594 330764609
330098732: 37.8062937 -107.6707095 800.698 1826005504 330764554 330764556 330764557 330764542 330764525 330764520 330098741
330764602: 37.8128099 -107.6619172 866.2379999999999 1826005504 330764554 330764566 330764562 330764574 330764575 330764587 330764588
330764566: 37.8118076 -107.6668819 238.92899999999997 1826005504 330764554
330764550: 37.809447 -107.6650527 413.62100000000004 1826005504 330764554 330764556 330764557 330764549
330764574: 37.8121361 -107.6652485 444.92999999999995 1826005504 330764554 330764566 330764562
330764572: 37.812651 -107.6661068 354.823 1826005504 330764554 330764566
330764530: 37.807756 -107.666603 645.826 1826005504 330764554 330764556 330764557 330764549 330764550 330764547
330764638: 37.8166855 -107.6597526 1231.8029999999999 1826005504 330764554 330764566 330764562 330764574 330764575 330764587 330764594 330764609 330764618 330764623
330764552: 37.8084351 -107.663328 602.3580000000001 1826005504 330764554 330764556 330764557 330764549 330764550 330764551
330764584: 37.8137179 -107.6657607 514.031 1826005504 330764554 330764566 330764572 330764585
330764524: 37.8069358 -107.667405 757.039 1826005504 330764554 330764556 330764557 330764542 330764543 330764526 330764521
330764576: 37.8111359 -107.6635211 633.079 1826005504 330764554 330764566 330764562 330764574 330764575
3042563270: 37.8101077 -107.6617323 827.4159999999998 1826005504 330764554 330764566 330764562 330764574 330764575 330764576 330764581 330764577
330764606: 37.8151535 -107.6638215 697.9469999999999 1826005504 330764554 330764566 330764572 330764585 330764592
330764592: 37.8143313 -107.6645672 585.478 1826005504 330764554 330764566 330764572 330764585
330764594: 37.8133163 -107.6628318 769.675 1826005504 330764554 330764566 330764562 330764574 330764575 330764587
331058146: 37.8181665 -107.6566922 1638.5339999999997 1826005504 330764554 330764566 330764562 330764574 330764575 330764587 330764594 330764609 330764618 330764623 330764638 331058125 331058144
1826005504: 37.8111838 -107.6687122 0.0 
330098752: 37.8067716 -107.6714618 878.138 1826005504 330764554 330764556 330764557 330764542 330764525 330764520 330098741
330764604: 37.8155688 -107.6643634 765.0279999999999 1826005504 330764554 330764566 330764572 330764585 330764592 330764606
330764644: 37.8160286 -107.656314 1520.6689999999999 1826005504 330764554 330764566 330764562 330764574 330764575 330764587 330764594 330764609 330764618 330764623 330764636 330764637 330764639 330764643
330764608: 37.8146809 -107.6629016 795.066 1826005504 330764554 330764566 330764562 330764574 330764586 330764593
330764620: 37.8139881 -107.6594951 1188.714 1826005504 330764554 330764566 330764562 330764574 330764575 330764587 330764588 330764602 330764599 330764614
330764636: 37.8155794 -107.6604956 1105.05 1826005504 330764554 330764566 330764562 330764574 330764575 330764587 330764594 330764609 330764618 330764623
330764586: 37.8129837 -107.6644867 560.521 1826005504 330764554 330764566 330764562 330764574
330764612: 37.8122441 -107.6587736 1237.615 1826005504 330764554 330764566 330764562 330764574 330764575 330764587 330764588 330764602 330764599 330764614 330764613
330764556: 37.810977 -107.6676383 129.804 1826005504 330764554
330098680: 37.8055774 -107.6699879 919.9290000000001 1826005504 330764554 330764556 330764557 330764542 330764543 330764526 330764521 330098685 330098683 330098681
330764598: 37.8117991 -107.6601952 1054.71 1826005504 330764554 330764566 330764562 330764574 330764575 330764587 330764588 330764602 330764599
1356606892: 37.8055113 -107.6712321 1044.209 1826005504 330764554 330764556 330764557 330764542 330764543 330764526 330764521 330098685 330098683 330098694 330098669
330098694: 37.8056156 -107.6703259 941.022 1826005504 330764554 330764556 330764557 330764542 330764543 330764526 330764521 330098685 330098683
2084019368: 37.8114968 -107.6570223 1363.641 1826005504 330764554 330764566 330764562 330764574 330764575 330764587 330764588 330764602 330764599 330764598
330764526: 37.8082709 -107.6675015 549.221 1826005504 330764554 330764556 330764557 330764542 330764543
330764542: 37.8096228 -107.6675632 338.708 1826005504 330764554 330764556 330764557
330764520: 37.8079382 -107.6691538 572.4050000000001 1826005504 330764554 330764556 330764557 330764542 330764525
330764614: 37.8131426 -107.6602623 1073.038 1826005504 330764554 330764566 330764562 330764574 330764575 330764587 330764588 330764602 330764599
330764634: 37.8153336 -107.6596936 1191.7769999999998 1826005504 330764554 330764566 330764562 330764574 330764575 330764587 330764594 330764609 330764618 330764623 330764636 330764635
330764626: 37.8187672 -107.6622713 1158.6009999999997 1826005504 330764554 330764566 330764572 330764585 330764592 330764606 330764607 330764615
330098653: 37.8044754 -107.6709965 1071.1480000000001 1826005504 330764554 330764556 330764557 330764542 330764543 330764526 330764521 330098685 330098683 330098681 330098680
330764587: 37.8124751 -107.6636123 653.6999999999999 1826005504 330764554 330764566 330764562 330764574 330764575
3042563877: 37.8088158 -107.6617505 799.2159999999999 1826005504 330764554 330764566 330764562 330764561 330764571 330764570 330764569
330764639: 37.8159925 -107.6585 1291.114 1826005504 330764554 330764566 330764562 330764574 330764575 330764587 330764594 330764609 330764618 330764623 330764636 330764637
330764619: 37.8145559 -107.6603964 1101.758 1826005504 330764554 330764566 330764562 330764574 330764575 330764587 330764594 330764609 330764618
330764547: 37.8085993 -107.6658037 528.677 1826005504 330764554 330764556 330764557 330764549 330764550
330764573: 37.812812 -107.6663857 385.167 1826005504 330764554 330764566 330764572
330764569: 37.8092732 -107.6625555 712.1059999999999 1826005504 330764554 330764566 330764562 330764561 330764571 330764570
330764643: 37.8165647 -107.6571214 1428.021 1826005504 330764554 330764566 330764562 330764574 330764575 330764587 330764594 330764609 330764618 330764623 330764636 330764637 330764639
330098681: 37.8057088 -107.6698619 901.5980000000001 1826005504 330764554 330764556 330764557 330764542 330764543 330764526 330764521 330098685 330098683
330098741: 37.8070608 -107.6699879 694.422 1826005504 330764554 330764556 330764557 330764542 330764525 330764520
330764543: 37.8091249 -107.666713 431.68000000000006 1826005504 330764554 330764556 330764557 330764542
2042183279: 37.8058594 -107.6657771 945.8679999999999 1826005504 330764554 330764556 330764557 330764542 330764543 330764526 330764521 330764524
331058125: 37.8180967 -107.6583566 1491.6429999999998 1826005504 330764554 330764566 330764562 330764574 330764575 330764587 330764594 330764609 330764618 330764623 330764638
330098685: 37.8065591 -107.6690796 784.7090000000001 1826005504 330764554 330764556 330764557 330764542 330764543 330764526 330764521
330764551: 37.808932 -107.6641836 509.06100000000004 1826005504 330764554 330764556 330764557 330764549 330764550
330764599: 37.8123267 -107.6610804 957.298 1826005504 330764554 330764566 330764562 330764574 330764575 330764587 330764588 330764602
330764521: 37.8074359 -107.6682606 663.537 1826005504 330764554 330764556 330764557 330764542 330764543 330764526
330764609: 37.814166 -107.6620647 885.726 1826005504 330764554 330764566 330764562 330764574 330764575 330764587 330764594
330764641: 37.8151704 -107.6571294 1442.324 1826005504 330764554 330764566 330764562 330764574 330764575 330764587 330764594 330764609 330764618 330764623 330764636 330764637 330764639 330764640
330764557: 37.8104726 -107.6667961 222.64600000000002 1826005504 330764554 330764556
330764621: 37.8134541 -107.6586234 1283.66 1826005504 330764554 330764566 330764562 330764574 330764575 330764587 330764588 330764602 330764599 330764614 330764613
330764519: 37.8084171 -107.6699987 663.758 1826005504 330764554 330764556 330764557 330764542 330764525 330764520
330764607: 37.8151958 -107.6637813 703.8289999999998 1826005504 330764554 330764566 330764572 330764585 330764592 330764606
330764633: 37.8148398 -107.6587307 1292.62 1826005504 330764554 330764566 330764562 330764574 330764575 330764587 330764594 330764609 330764618 330764623 330764636 330764635 330764634
330098683: 37.8058212 -107.6697573 886.085 1826005504 330764554 330764556 330764557 330764542 330764543 330764526 330764521 330098685
330764623: 37.8156111 -107.6607156 1085.406 1826005504 330764554 330764566 330764562 330764574 330764575 330764587 330764594 330764609 330764618
330098703: 37.8031064 -107.6695588 1292.4360000000001 1826005504 330764554 330764556 330764557 330764542 330764543 330764526 330764521 330098685 330098683 330098681 330098706
330764591: 37.8146344 -107.6650835 642.0169999999999 1826005504 330764554 330764566 330764572 330764585 330764592
330764603: 37.8110377 -107.6608244 1155.82 1826005504 330764554 330764566 330764562 330764574 330764575 330764587 330764588 330764602 330764599 330764598
2042183459: 37.8059188 -107.6700764 870.2529999999999 1826005504 330764554 330764556 330764557 330764542 330764525 330764520 330098741 330098732
330764631: 37.8143249 -107.6578188 1403.5410000000002 1826005504 330764554 330764566 330764562 330764574 330764575 330764587 330764588 330764602 330764599 330764614 330764613 330764621
330764585: 37.813488 -107.665345 469.455 1826005504 330764554 330764566 330764572
330764549: 37.8099492 -107.6659351 318.083 1826005504 330764554 330764556 330764557
330098641: 37.8040903 -107.6714193 1127.891 1826005504 330764554 330764556 330764557 330764542 330764543 330764526 330764521 330098685 330098683 330098681 330098680 330098653
330764575: 37.8116381 -107.6644036 537.536 1826005504 330764554 330764566 330764562 330764574
330764525: 37.8087682 -107.6683713 457.32500000000005 1826005504 330764554 330764556 330764557 330764542
330764637: 37.8156027 -107.6594844 1194.387 1826005504 330764554 330764566 330764562 330764574 330764575 330764587 330764594 330764609 330764618 330764623 330764636
330764615: 37.8161048 -107.6629069 830.7779999999998 1826005504 330764554 330764566 330764572 330764585 330764592 330764606 330764607
330764635: 37.8152361 -107.6597821 1178.436 1826005504 330764554 330764566 330764562 330764574 330764575 330764587 330764594 330764609 330764618 330764623 330764636
330764561: 37.8108096 -107.6651412 427.87499999999994 1826005504 330764554 330764566 330764562
330764593: 37.8138228 -107.6637223 675.476 1826005504 330764554 330764566 330764562 330764574 330764586
330764613: 37.8126213 -107.6593879 1169.268 1826005504 330764554 330764566 330764562 330764574 330764575 330764587 330764588 330764602 330764599 330764614
330764571: 37.8102946 -107.6642856 522.367 1826005504 330764554 330764566 330764562 330764561
330764581: 37.8106342 -107.6626378 728.6479999999999 1826005504 330764554 330764566 330764562 330764574 330764575 330764576
330098669: 37.8056042 -107.6713351 1030.476 1826005504 330764554 330764556 330764557 330764542 330764543 330764526 330764521 330098685 330098683 330098694
1826005507: 37.8043293 -107.6677159 1147.0510000000002 1826005504 330764554 330764556 330764557 330764542 330764543 330764526 330764521 330098685 330098683 330098681 330098706
330764577: 37.8101346 -107.6617791 822.3319999999999 1826005504 330764554 330764566 330764562 330764574 330764575 330764576 330764581
