1826005506: 37.8125684 -107.6687888 1709.809 331058144 331058125 330764638 330764623 330764618 330764609 330764594 330764587 330764575 330764574 330764562 330764566 330764554
330764640: 37.8156472 -107.6578912 538.413 331058144 331058125 330764638 330764639
331107624: 37.8037969 -107.6743977 2357.42 331058144 331058125 330764638 330764623 330764618 330764609 330764594 330764587 330764575 330764561 330764549 330764543 330764526 330764521 330098685 330098683 330098681 330098680 330098653 330098641
330764554: 37.8114601 -107.6685208 1534.566 331058144 331058125 330764638 330764623 330764618 330764609 330764594 330764587 330764575 330764574 330764562 330764566
331058144: 37.8181867 -107.6574714 0.0 
330098706: 37.8046661 -107.6682955 2030.033 331058144 331058125 330764638 330764623 330764618 330764609 330764594 330764587 330764575 330764561 330764549 330764543 330764526 330764521 330098685 330098683 330098681
330764588: 37.8119708 -107.6627674 1009.3750000000001 331058144 331058125 330764638 330764623 330764618 330764609 330764594 330764587
330764622: 37.8131405 -107.6580789 912.0579999999999 331058144 331058125 330764638 330764623 330764618 330764619 330764620 330764621
330764546: 37.8080865 -107.6649695 1558.1320000000003 331058144 331058125 330764638 330764623 330764618 330764609 330764594 330764587 330764588 330764581 330764570 330764551
330764562: 37.8113224 -107.666021 1238.223 331058144 331058125 330764638 330764623 330764618 330764609 330764594 330764587 330764575 330764574
330764632: 37.8140283 -107.6572931 792.369 331058144 331058125 330764638 330764639 330764640 330764641 330764631
330764570: 37.8097882 -107.6634165 1324.8460000000002 331058144 331058125 330764638 330764623 330764618 330764609 330764594 330764587 330764588 330764581
330764618: 37.8150602 -107.6612439 561.497 331058144 331058125 330764638 330764623
330098732: 37.8062937 -107.6707095 1932.7459999999999 331058144 331058125 330764638 330764623 330764618 330764609 330764594 330764587 330764575 330764574 330764562 330764557 330764542 330764525 330764520 330098741
330764602: 37.8128099 -107.6619172 898.488 331058144 331058125 330764638 330764623 330764618 330764609 330764594
330764566: 37.8118076 -107.6668819 1331.123 331058144 331058125 330764638 330764623 330764618 330764609 330764594 330764587 330764575 330764574 330764562
330764550: 37.809447 -107.6650527 1354.4270000000001 331058144 331058125 330764638 330764623 330764618 330764609 330764594 330764587 330764588 330764576 330764571
330764574: 37.8121361 -107.6652485 1125.122 331058144 331058125 330764638 330764623 330764618 330764609 330764594 330764587 330764575
330764572: 37.812651 -107.6661068 1219.796 331058144 331058125 330764638 330764623 330764618 330764609 330764594 330764587 330764575 330764574
330764530: 37.807756 -107.666603 1586.632 331058144 331058125 330764638 330764623 330764618 330764609 330764594 330764587 330764588 330764576 330764571 330764550 330764547
330764638: 37.8166855 -107.6597526 338.24899999999997 331058144 331058125
330764552: 37.8084351 -107.663328 1534.7850000000003 331058144 331058125 330764638 330764623 330764618 330764609 330764594 330764587 330764588 330764581 330764570 330764551
330764584: 37.8137179 -107.6657607 1150.2640000000001 331058144 331058125 330764638 330764623 330764618 330764609 330764594 330764593 330764586 330764585
330764524: 37.8069358 -107.667405 1701.88 331058144 331058125 330764638 330764623 330764618 330764609 330764594 330764587 330764588 330764576 330764571 330764550 330764547 330764530
330764576: 37.8111359 -107.6635211 1123.404 331058144 331058125 330764638 330764623 330764618 330764609 330764594 330764587 330764588
3042563270: 37.8101077 -107.6617323 1307.2790000000002 331058144 331058125 330764638 330764623 330764618 330764609 330764594 330764587 330764588 330764581 330764577
330764606: 37.8151535 -107.6638215 879.564 331058144 331058125 330764638 330764623 330764618 330764609 330764608 330764607
330764592: 37.8143313 -107.6645672 990.072 331058144 331058125 330764638 330764623 330764618 330764609 330764594 330764593
330764594: 37.8133163 -107.6628318 800.3770000000001 331058144 331058125 330764638 330764623 330764618 330764609
331058146: 37.8181665 -107.6566922 68.482 331058144
1826005504: 37.8111838 -107.6687122 1570.0520000000001 331058144 331058125 330764638 330764623 330764618 330764609 330764594 330764587 330764575 330764574 330764562 330764566 330764554
330098752: 37.8067716 -107.6714618 2010.1859999999997 331058144 331058125 330764638 330764623 330764618 330764609 330764594 330764587 330764575 330764574 330764562 330764557 330764542 330764525 330764520 330098741
330764604: 37.8155688 -107.6643634 946.645 331058144 331058125 330764638 330764623 330764618 330764609 330764608 330764607 330764606
330764644: 37.8160286 -107.656314 702.134 331058144 331058125 330764638 330764639 330764643
330764608: 37.8146809 -107.6629016 777.5070000000001 331058144 331058125 330764638 330764623 330764618 330764609
330764620: 37.8139881 -107.6594951 755.9659999999999 331058144 331058125 330764638 330764623 330764618 330764619
330764636: 37.8155794 -107.6604956 504.28999999999996 331058144 331058125 330764638 330764623
330764586: 37.8129837 -107.6644867 1011.7230000000001 331058144 331058125 330764638 330764623 330764618 330764609 330764594 330764593
330764612: 37.8122441 -107.6587736 1035.6039999999998 331058144 331058125 330764638 330764623 330764618 330764619 330764620 330764621 330764613
330764556: 37.810977 -107.6676383 1444.901 331058144 331058125 330764638 330764623 330764618 330764609 330764594 330764587 330764575 330764574 330764562 330764566
330098680: 37.8055774 -107.6699879 1866.1209999999999 331058144 331058125 330764638 330764623 330764618 330764609 330764594 330764587 330764575 330764561 330764549 330764543 330764526 330764521 330098685 330098683 330098681
330764598: 37.8117991 -107.6601952 1082.9629999999997 331058144 331058125 330764638 330764623 330764618 330764619 330764620 330764621 330764613
1356606892: 37.8055113 -107.6712321 1990.4009999999998 331058144 331058125 330764638 330764623 330764618 330764609 330764594 330764587 330764575 330764561 330764549 330764543 330764526 330764521 330098685 330098683 330098694 330098669
330098694: 37.8056156 -107.6703259 1887.214 331058144 331058125 330764638 330764623 330764618 330764609 330764594 330764587 330764575 330764561 330764549 330764543 330764526 330764521 330098685 330098683
2084019368: 37.8114968 -107.6570223 1391.8939999999998 331058144 331058125 330764638 330764623 330764618 330764619 330764620 330764621 330764613 330764598
330764526: 37.8082709 -107.6675015 1495.413 331058144 331058125 330764638 330764623 330764618 330764609 330764594 330764587 330764575 330764561 330764549 330764543
330764542: 37.8096228 -107.6675632 1470.7559999999999 331058144 331058125 330764638 330764623 330764618 330764609 330764594 330764587 330764575 330764574 330764562 330764557
330764520: 37.8079382 -107.6691538 1704.4529999999997 331058144 331058125 330764638 330764623 330764618 330764609 330764594 330764587 330764575 330764574 330764562 330764557 330764542 330764525
330764614: 37.8131426 -107.6602623 871.6419999999999 331058144 331058125 330764638 330764623 330764618 330764619 330764620
330764634: 37.8153336 -107.6596936 591.0169999999999 331058144 331058125 330764638 330764623 330764636 330764635
330764626: 37.8187672 -107.6622713 1314.806 331058144 331058125 330764638 330764623 330764618 330764609 330764608 330764615
330098653: 37.8044754 -107.6709965 2017.34 331058144 331058125 330764638 330764623 330764618 330764609 330764594 330764587 330764575 330764561 330764549 330764543 330764526 330764521 330098685 330098683 330098681 330098680
330764587: 37.8124751 -107.6636123 916.3520000000001 331058144 331058125 330764638 330764623 330764618 330764609 330764594
3042563877: 37.8088158 -107.6617505 1506.8270000000002 331058144 331058125 330764638 330764623 330764618 330764609 330764594 330764587 330764588 330764581 330764570 330764569
330764639: 37.8159925 -107.6585 472.57899999999995 331058144 331058125 330764638
330764619: 37.8145559 -107.6603964 654.6999999999999 331058144 331058125 330764638 330764623 330764618
330764547: 37.8085993 -107.6658037 1469.4830000000002 331058144 331058125 330764638 330764623 330764618 330764609 330764594 330764587 330764588 330764576 330764571 330764550
330764573: 37.812812 -107.6663857 1250.14 331058144 331058125 330764638 330764623 330764618 330764609 330764594 330764587 330764575 330764574 330764572
330764569: 37.8092732 -107.6625555 1419.7170000000003 331058144 331058125 330764638 330764623 330764618 330764609 330764594 330764587 330764588 330764581 330764570
330764643: 37.8165647 -107.6571214 609.486 331058144 331058125 330764638 330764639
330098681: 37.8057088 -107.6698619 1847.79 331058144 331058125 330764638 330764623 330764618 330764609 330764594 330764587 330764575 330764561 330764549 330764543 330764526 330764521 330098685 330098683
330098741: 37.8070608 -107.6699879 1826.4699999999998 331058144 331058125 330764638 330764623 330764618 330764609 330764594 330764587 330764575 330764574 330764562 330764557 330764542 330764525 330764520
330764543: 37.8091249 -107.666713 1377.872 331058144 331058125 330764638 330764623 330764618 330764609 330764594 330764587 330764575 330764561 330764549
2042183279: 37.8058594 -107.6657771 1890.709 331058144 331058125 330764638 330764623 330764618 330764609 330764594 330764587 330764588 330764576 330764571 330764550 330764547 330764530 330764524
331058125: 37.8180967 -107.6583566 78.40899999999999 331058144
330098685: 37.8065591 -107.6690796 1730.901 331058144 331058125 330764638 330764623 330764618 330764609 330764594 330764587 330764575 330764561 330764549 330764543 330764526 330764521
330764551: 37.808932 -107.6641836 1441.4880000000003 331058144 331058125 330764638 330764623 330764618 330764609 330764594 330764587 330764588 330764581 330764570
330764599: 37.8123267 -107.6610804 987.382 331058144 331058125 330764638 330764623 330764618 330764619 330764620 330764614
330764521: 37.8074359 -107.6682606 1609.729 331058144 331058125 330764638 330764623 330764618 330764609 330764594 330764587 330764575 330764561 330764549 330764543 330764526
330764609: 37.814166 -107.6620647 684.326 331058144 331058125 330764638 330764623 330764618
330764641: 37.8151704 -107.6571294 623.789 331058144 331058125 330764638 330764639 330764640
330764557: 37.8104726 -107.6667961 1354.694 331058144 331058125 330764638 330764623 330764618 330764609 330764594 330764587 330764575 330764574 330764562
330764621: 37.8134541 -107.6586234 852.8649999999999 331058144 331058125 330764638 330764623 330764618 330764619 330764620
330764519: 37.8084171 -107.6699987 1795.8059999999998 331058144 331058125 330764638 330764623 330764618 330764609 330764594 330764587 330764575 330764574 330764562 330764557 330764542 330764525 330764520
330764607: 37.8151958 -107.6637813 873.682 331058144 331058125 330764638 330764623 330764618 330764609 330764608
330764633: 37.8148398 -107.6587307 654.596 331058144 331058125 330764638 330764639 330764640
330098683: 37.8058212 -107.6697573 1832.277 331058144 331058125 330764638 330764623 330764618 330764609 330764594 330764587 330764575 330764561 330764549 330764543 330764526 330764521 330098685
330764623: 37.8156111 -107.6607156 484.64599999999996 331058144 331058125 330764638
330098703: 37.8031064 -107.6695588 2238.6279999999997 331058144 331058125 330764638 330764623 330764618 330764609 330764594 330764587 330764575 330764561 330764549 330764543 330764526 330764521 330098685 330098683 330098681 330098706
330764591: 37.8146344 -107.6650835 1046.611 331058144 331058125 330764638 330764623 330764618 330764609 330764594 330764593 330764592
330764603: 37.8110377 -107.6608244 1184.0729999999996 331058144 331058125 330764638 330764623 330764618 330764619 330764620 330764621 330764613 330764598
2042183459: 37.8059188 -107.6700764 2002.301 331058144 331058125 330764638 330764623 330764618 330764609 330764594 330764587 330764575 330764574 330764562 330764557 330764542 330764525 330764520 330098741 330098732
330764631: 37.8143249 -107.6578188 735.621 331058144 331058125 330764638 330764639 330764640 330764641
330764585: 37.813488 -107.665345 1105.688 331058144 331058125 330764638 330764623 330764618 330764609 330764594 330764593 330764586
330764549: 37.8099492 -107.6659351 1263.5420000000001 331058144 331058125 330764638 330764623 330764618 330764609 330764594 330764587 330764575 330764561
330098641: 37.8040903 -107.6714193 2074.083 331058144 331058125 330764638 330764623 330764618 330764609 330764594 330764587 330764575 330764561 330764549 330764543 330764526 330764521 330098685 330098683 330098681 330098680 330098653
330764575: 37.8116381 -107.6644036 1032.516 331058144 331058125 330764638 330764623 330764618 330764609 330764594 330764587
330764525: 37.8087682 -107.6683713 1589.3729999999998 331058144 331058125 330764638 330764623 330764618 330764609 330764594 330764587 330764575 330764574 330764562 330764557 330764542
330764637: 37.8156027 -107.6594844 569.3059999999999 331058144 331058125 330764638 330764639
330764615: 37.8161048 -107.6629069 986.9830000000001 331058144 331058125 330764638 330764623 330764618 330764609 330764608
330764635: 37.8152361 -107.6597821 577.6759999999999 331058144 331058125 330764638 330764623 330764636
330764561: 37.8108096 -107.6651412 1145.1470000000002 331058144 331058125 330764638 330764623 330764618 330764609 330764594 330764587 330764575
330764593: 37.8138228 -107.6637223 896.768 331058144 331058125 330764638 330764623 330764618 330764609 330764594
330764613: 37.8126213 -107.6593879 967.2569999999998 331058144 331058125 330764638 330764623 330764618 330764619 330764620 330764621
330764571: 37.8102946 -107.6642856 1238.564 331058144 331058125 330764638 330764623 330764618 330764609 330764594 330764587 330764588 330764576
330764581: 37.8106342 -107.6626378 1208.5110000000002 331058144 331058125 330764638 330764623 330764618 330764609 330764594 330764587 330764588
330098669: 37.8056042 -107.6713351 1976.668 331058144 331058125 330764638 330764623 330764618 330764609 330764594 330764587 330764575 330764561 330764549 330764543 330764526 330764521 330098685 330098683 330098694
1826005507: 37.8043293 -107.6677159 2093.243 331058144 331058125 330764638 330764623 330764618 330764609 330764594 330764587 330764575 330764561 330764549 330764543 330764526 330764521 330098685 330098683 330098681 330098706
330764577: 37.8101346 -107.6617791 1302.1950000000002 331058144 331058125 330764638 330764623 330764618 330764609 330764594 330764587 330764588 330764581
