1826005506: 37.8125684 -107.6687888 662.124 330764571 330764561 330764562 330764566 330764554
330764640: 37.8156472 -107.6578912 903.4570000000001 330764571 330764576 330764588 330764602 330764599 330764614 330764620 330764633
331107624: 37.8037969 -107.6743977 1304.509 330764571 330764550 330764547 330764530 330764524 330764521 330098685 330098683 330098681 330098680 330098653 330098641
330764554: 37.8114601 -107.6685208 486.881 330764571 330764561 330764562 330764566
331058144: 37.8181867 -107.6574714 1238.5639999999999 330764571 330764576 330764588 330764587 330764594 330764609 330764618 330764623 330764638 331058125
330098706: 37.8046661 -107.6682955 977.1220000000001 330764571 330764550 330764547 330764530 330764524 330764521 330098685 330098683 330098681
330764588: 37.8119708 -107.6627674 229.189 330764571 330764576
330764622: 37.8131405 -107.6580789 825.319 330764571 330764576 330764588 330764602 330764599 330764614 330764613 330764621
330764546: 37.8080865 -107.6649695 323.775 330764571 330764550 330764547
330764562: 37.8113224 -107.666021 190.53799999999998 330764571 330764561
330764632: 37.8140283 -107.6572931 942.755 330764571 330764576 330764588 330764602 330764599 330764614 330764613 330764621 330764631
330764570: 37.8097882 -107.6634165 94.868 330764571
330764618: 37.8150602 -107.6612439 677.067 330764571 330764576 330764588 330764587 330764594 330764609
330098732: 37.8062937 -107.6707095 880.6929999999999 330764571 330764550 330764549 330764543 330764542 330764525 330764520 330098741
330764602: 37.8128099 -107.6619172 348.704 330764571 330764576 330764588
330764566: 37.8118076 -107.6668819 283.438 330764571 330764561 330764562
330764550: 37.809447 -107.6650527 115.863 330764571
330764574: 37.8121361 -107.6652485 299.729 330764571 330764561 330764575
330764572: 37.812651 -107.6661068 394.403 330764571 330764561 330764575 330764574
330764530: 37.807756 -107.666603 348.068 330764571 330764550 330764547
330764638: 37.8166855 -107.6597526 900.315 330764571 330764576 330764588 330764587 330764594 330764609 330764618 330764623
330764552: 37.8084351 -107.663328 304.6 330764571 330764550 330764551
330764584: 37.8137179 -107.6657607 553.611 330764571 330764561 330764575 330764574 330764572 330764585
330764524: 37.8069358 -107.667405 463.316 330764571 330764550 330764547 330764530
330764576: 37.8111359 -107.6635211 115.16 330764571
3042563270: 37.8101077 -107.6617323 309.497 330764571 330764576 330764581 330764577
330764606: 37.8151535 -107.6638215 736.048 330764571 330764561 330764575 330764574 330764586 330764593 330764592
330764592: 37.8143313 -107.6645672 623.579 330764571 330764561 330764575 330764574 330764586 330764593
330764594: 37.8133163 -107.6628318 438.187 330764571 330764576 330764588 330764587
331058146: 37.8181665 -107.6566922 1307.0459999999998 330764571 330764576 330764588 330764587 330764594 330764609 330764618 330764623 330764638 331058125 331058144
1826005504: 37.8111838 -107.6687122 522.367 330764571 330764561 330764562 330764566 330764554
330098752: 37.8067716 -107.6714618 958.1329999999999 330764571 330764550 330764549 330764543 330764542 330764525 330764520 330098741
330764604: 37.8155688 -107.6643634 803.129 330764571 330764561 330764575 330764574 330764586 330764593 330764592 330764606
330764644: 37.8160286 -107.656314 1108.151 330764571 330764576 330764588 330764602 330764599 330764614 330764620 330764633 330764640 330764641
330764608: 37.8146809 -107.6629016 647.4190000000001 330764571 330764576 330764588 330764587 330764594 330764609
330764620: 37.8139881 -107.6594951 671.1800000000001 330764571 330764576 330764588 330764602 330764599 330764614
330764636: 37.8155794 -107.6604956 773.562 330764571 330764576 330764588 330764587 330764594 330764609 330764618 330764623
330764586: 37.8129837 -107.6644867 415.32 330764571 330764561 330764575 330764574
330764612: 37.8122441 -107.6587736 720.081 330764571 330764576 330764588 330764602 330764599 330764614 330764613
330764556: 37.810977 -107.6676383 397.216 330764571 330764561 330764562 330764566
330098680: 37.8055774 -107.6699879 813.21 330764571 330764550 330764547 330764530 330764524 330764521 330098685 330098683 330098681
330764598: 37.8117991 -107.6601952 537.176 330764571 330764576 330764588 330764602 330764599
1356606892: 37.8055113 -107.6712321 937.4899999999999 330764571 330764550 330764547 330764530 330764524 330764521 330098685 330098683 330098694 330098669
330098694: 37.8056156 -107.6703259 834.303 330764571 330764550 330764547 330764530 330764524 330764521 330098685 330098683
2084019368: 37.8114968 -107.6570223 846.107 330764571 330764576 330764588 330764602 330764599 330764598
330764526: 37.8082709 -107.6675015 443.272 330764571 330764550 330764549 330764543
330764542: 37.8096228 -107.6675632 418.703 330764571 330764550 330764549 330764543
330764520: 37.8079382 -107.6691538 652.4 330764571 330764550 330764549 330764543 330764542 330764525
330764614: 37.8131426 -107.6602623 555.504 330764571 330764576 330764588 330764602 330764599
330764634: 37.8153336 -107.6596936 860.289 330764571 330764576 330764588 330764587 330764594 330764609 330764618 330764623 330764636 330764635
330764626: 37.8187672 -107.6622713 1184.718 330764571 330764576 330764588 330764587 330764594 330764609 330764608 330764615
330098653: 37.8044754 -107.6709965 964.4290000000001 330764571 330764550 330764547 330764530 330764524 330764521 330098685 330098683 330098681 330098680
330764587: 37.8124751 -107.6636123 322.212 330764571 330764576 330764588
3042563877: 37.8088158 -107.6617505 276.849 330764571 330764570 330764569
330764639: 37.8159925 -107.6585 959.626 330764571 330764576 330764588 330764587 330764594 330764609 330764618 330764623 330764636 330764637
330764619: 37.8145559 -107.6603964 770.27 330764571 330764576 330764588 330764587 330764594 330764609 330764618
330764547: 37.8085993 -107.6658037 230.91899999999998 330764571 330764550
330764573: 37.812812 -107.6663857 424.747 330764571 330764561 330764575 330764574 330764572
330764569: 37.8092732 -107.6625555 189.739 330764571 330764570
330764643: 37.8165647 -107.6571214 1096.533 330764571 330764576 330764588 330764587 330764594 330764609 330764618 330764623 330764636 330764637 330764639
330098681: 37.8057088 -107.6698619 794.879 330764571 330764550 330764547 330764530 330764524 330764521 330098685 330098683
330098741: 37.8070608 -107.6699879 774.4169999999999 330764571 330764550 330764549 330764543 330764542 330764525 330764520
330764543: 37.8091249 -107.666713 325.731 330764571 330764550 330764549
2042183279: 37.8058594 -107.6657771 652.145 330764571 330764550 330764547 330764530 330764524
331058125: 37.8180967 -107.6583566 1160.155 330764571 330764576 330764588 330764587 330764594 330764609 330764618 330764623 330764638
330098685: 37.8065591 -107.6690796 677.99 330764571 330764550 330764547 330764530 330764524 330764521
330764551: 37.808932 -107.6641836 211.303 330764571 330764550
330764599: 37.8123267 -107.6610804 439.764 330764571 330764576 330764588 330764602
330764521: 37.8074359 -107.6682606 556.818 330764571 330764550 330764547 330764530 330764524
330764609: 37.814166 -107.6620647 554.238 330764571 330764576 330764588 330764587 330764594
330764641: 37.8151704 -107.6571294 988.8330000000001 330764571 330764576 330764588 330764602 330764599 330764614 330764620 330764633 330764640
330764557: 37.8104726 -107.6667961 306.838 330764571 330764550 330764549
330764621: 37.8134541 -107.6586234 766.126 330764571 330764576 330764588 330764602 330764599 330764614 330764613
330764519: 37.8084171 -107.6699987 743.7529999999999 330764571 330764550 330764549 330764543 330764542 330764525 330764520
330764607: 37.8151958 -107.6637813 741.93 330764571 330764561 330764575 330764574 330764586 330764593 330764592 330764606
330764633: 37.8148398 -107.6587307 787.2740000000001 330764571 330764576 330764588 330764602 330764599 330764614 330764620
330098683: 37.8058212 -107.6697573 779.366 330764571 330764550 330764547 330764530 330764524 330764521 330098685
330764623: 37.8156111 -107.6607156 753.918 330764571 330764576 330764588 330764587 330764594 330764609 330764618
330098703: 37.8031064 -107.6695588 1185.717 330764571 330764550 330764547 330764530 330764524 330764521 330098685 330098683 330098681 330098706
330764591: 37.8146344 -107.6650835 680.1179999999999 330764571 330764561 330764575 330764574 330764586 330764593 330764592
330764603: 37.8110377 -107.6608244 638.2860000000001 330764571 330764576 330764588 330764602 330764599 330764598
2042183459: 37.8059188 -107.6700764 950.2479999999998 330764571 330764550 330764549 330764543 330764542 330764525 330764520 330098741 330098732
330764631: 37.8143249 -107.6578188 886.007 330764571 330764576 330764588 330764602 330764599 330764614 330764613 330764621
330764585: 37.813488 -107.665345 509.035 330764571 330764561 330764575 330764574 330764572
330764549: 37.8099492 -107.6659351 211.401 330764571 330764550
330098641: 37.8040903 -107.6714193 1021.172 330764571 330764550 330764547 330764530 330764524 330764521 330098685 330098683 330098681 330098680 330098653
330764575: 37.8116381 -107.6644036 207.123 330764571 330764561
330764525: 37.8087682 -107.6683713 537.3199999999999 330764571 330764550 330764549 330764543 330764542
330764637: 37.8156027 -107.6594844 862.899 330764571 330764576 330764588 330764587 330764594 330764609 330764618 330764623 330764636
330764615: 37.8161048 -107.6629069 856.8950000000001 330764571 330764576 330764588 330764587 330764594 330764609 330764608
330764635: 37.8152361 -107.6597821 846.948 330764571 330764576 330764588 330764587 330764594 330764609 330764618 330764623 330764636
330764561: 37.8108096 -107.6651412 94.49199999999999 330764571
330764593: 37.8138228 -107.6637223 530.275 330764571 330764561 330764575 330764574 330764586
330764613: 37.8126213 -107.6593879 651.734 330764571 330764576 330764588 330764602 330764599 330764614
330764571: 37.8102946 -107.6642856 0.0 
330764581: 37.8106342 -107.6626378 210.72899999999998 330764571 330764576
330098669: 37.8056042 -107.6713351 923.757 330764571 330764550 330764547 330764530 330764524 330764521 330098685 330098683 330098694
1826005507: 37.8043293 -107.6677159 1040.332 330764571 330764550 330764547 330764530 330764524 330764521 330098685 330098683 330098681 330098706
330764577: 37.8101346 -107.6617791 304.413 330764571 330764576 330764581
