1826005506: 37.8125684 -107.6687888 494.58 330764572 330764566 330764554
330764640: 37.8156472 -107.6578912 1006.692 330764572 330764574 330764575 330764587 330764594 330764609 330764618 330764623 330764636 330764637 330764639
331107624: 37.8037969 -107.6743977 1511.096 330764572 330764566 330764556 330764557 330764542 330764543 330764526 330764521 330098685 330098683 330098681 330098680 330098653 330098641
330764554: 37.8114601 -107.6685208 319.337 330764572 330764566
331058144: 37.8181867 -107.6574714 1219.7959999999998 330764572 330764574 330764575 330764587 330764594 330764609 330764618 330764623 330764638 331058125
330098706: 37.8046661 -107.6682955 1183.709 330764572 330764566 330764556 330764557 330764542 330764543 330764526 330764521 330098685 330098683 330098681
330764588: 37.8119708 -107.6627674 396.467 330764572 330764574 330764575 330764587
330764622: 37.8131405 -107.6580789 992.597 330764572 330764574 330764575 330764587 330764588 330764602 330764599 330764614 330764613 330764621
330764546: 37.8080865 -107.6649695 718.178 330764572 330764574 330764575 330764561 330764571 330764550 330764547
330764562: 37.8113224 -107.666021 207.775 330764572 330764574
330764632: 37.8140283 -107.6572931 1110.0330000000001 330764572 330764574 330764575 330764587 330764588 330764602 330764599 330764614 330764613 330764621 330764631
330764570: 37.8097882 -107.6634165 489.271 330764572 330764574 330764575 330764561 330764571
330764618: 37.8150602 -107.6612439 658.299 330764572 330764574 330764575 330764587 330764594 330764609
330098732: 37.8062937 -107.6707095 900.5659999999999 330764572 330764566 330764556 330764557 330764542 330764525 330764520 330098741
330764602: 37.8128099 -107.6619172 515.982 330764572 330764574 330764575 330764587 330764588
330764566: 37.8118076 -107.6668819 115.894 330764572
330764550: 37.809447 -107.6650527 510.266 330764572 330764574 330764575 330764561 330764571
330764574: 37.8121361 -107.6652485 94.674 330764572
330764572: 37.812651 -107.6661068 0.0 
330764530: 37.807756 -107.666603 742.471 330764572 330764574 330764575 330764561 330764571 330764550 330764547
330764638: 37.8166855 -107.6597526 881.547 330764572 330764574 330764575 330764587 330764594 330764609 330764618 330764623
330764552: 37.8084351 -107.663328 699.003 330764572 330764574 330764575 330764561 330764571 330764550 330764551
330764584: 37.8137179 -107.6657607 159.208 330764572 330764585
330764524: 37.8069358 -107.667405 856.9069999999999 330764572 330764566 330764556 330764557 330764542 330764543 330764526 330764521
330764576: 37.8111359 -107.6635211 282.823 330764572 330764574 330764575
3042563270: 37.8101077 -107.6617323 477.16 330764572 330764574 330764575 330764576 330764581 330764577
330764606: 37.8151535 -107.6638215 343.124 330764572 330764585 330764592
330764592: 37.8143313 -107.6645672 230.655 330764572 330764585
330764594: 37.8133163 -107.6628318 419.419 330764572 330764574 330764575 330764587
331058146: 37.8181665 -107.6566922 1288.2779999999998 330764572 330764574 330764575 330764587 330764594 330764609 330764618 330764623 330764638 331058125 331058144
1826005504: 37.8111838 -107.6687122 354.823 330764572 330764566 330764554
330098752: 37.8067716 -107.6714618 978.006 330764572 330764566 330764556 330764557 330764542 330764525 330764520 330098741
330764604: 37.8155688 -107.6643634 410.20500000000004 330764572 330764585 330764592 330764606
330764644: 37.8160286 -107.656314 1170.4129999999998 330764572 330764574 330764575 330764587 330764594 330764609 330764618 330764623 330764636 330764637 330764639 330764643
330764608: 37.8146809 -107.6629016 443.14200000000005 330764572 330764585 330764586 330764593
330764620: 37.8139881 -107.6594951 838.458 330764572 330764574 330764575 330764587 330764588 330764602 330764599 330764614
330764636: 37.8155794 -107.6604956 754.794 330764572 330764574 330764575 330764587 330764594 330764609 330764618 330764623
330764586: 37.8129837 -107.6644867 208.597 330764572 330764585
330764612: 37.8122441 -107.6587736 887.3589999999999 330764572 330764574 330764575 330764587 330764588 330764602 330764599 330764614 330764613
330764556: 37.810977 -107.6676383 229.67200000000003 330764572 330764566
330098680: 37.8055774 -107.6699879 1019.797 330764572 330764566 330764556 330764557 330764542 330764543 330764526 330764521 330098685 330098683 330098681
330764598: 37.8117991 -107.6601952 704.454 330764572 330764574 330764575 330764587 330764588 330764602 330764599
1356606892: 37.8055113 -107.6712321 1144.0769999999998 330764572 330764566 330764556 330764557 330764542 330764543 330764526 330764521 330098685 330098683 330098694 330098669
330098694: 37.8056156 -107.6703259 1040.8899999999999 330764572 330764566 330764556 330764557 330764542 330764543 330764526 330764521 330098685 330098683
2084019368: 37.8114968 -107.6570223 1013.385 330764572 330764574 330764575 330764587 330764588 330764602 330764599 330764598
330764526: 37.8082709 -107.6675015 649.0889999999999 330764572 330764566 330764556 330764557 330764542 330764543
330764542: 37.8096228 -107.6675632 438.576 330764572 330764566 330764556 330764557
330764520: 37.8079382 -107.6691538 672.273 330764572 330764566 330764556 330764557 330764542 330764525
330764614: 37.8131426 -107.6602623 722.7819999999999 330764572 330764574 330764575 330764587 330764588 330764602 330764599
330764634: 37.8153336 -107.6596936 841.521 330764572 330764574 330764575 330764587 330764594 330764609 330764618 330764623 330764636 330764635
330764626: 37.8187672 -107.6622713 803.778 330764572 330764585 330764592 330764606 330764607 330764615
330098653: 37.8044754 -107.6709965 1171.016 330764572 330764566 330764556 330764557 330764542 330764543 330764526 330764521 330098685 330098683 330098681 330098680
330764587: 37.8124751 -107.6636123 303.444 330764572 330764574 330764575
3042563877: 37.8088158 -107.6617505 671.2520000000001 330764572 330764574 330764575 330764561 330764571 330764570 330764569
330764639: 37.8159925 -107.6585 940.858 330764572 330764574 330764575 330764587 330764594 330764609 330764618 330764623 330764636 330764637
330764619: 37.8145559 -107.6603964 751.502 330764572 330764574 330764575 330764587 330764594 330764609 330764618
330764547: 37.8085993 -107.6658037 625.322 330764572 330764574 330764575 330764561 330764571 330764550
330764573: 37.812812 -107.6663857 30.344 330764572
330764569: 37.8092732 -107.6625555 584.142 330764572 330764574 330764575 330764561 330764571 330764570
330764643: 37.8165647 -107.6571214 1077.7649999999999 330764572 330764574 330764575 330764587 330764594 330764609 330764618 330764623 330764636 330764637 330764639
330098681: 37.8057088 -107.6698619 1001.466 330764572 330764566 330764556 330764557 330764542 330764543 330764526 330764521 330098685 330098683
330098741: 37.8070608 -107.6699879 794.29 330764572 330764566 330764556 330764557 330764542 330764525 330764520
330764543: 37.8091249 -107.666713 531.548 330764572 330764566 330764556 330764557 330764542
2042183279: 37.8058594 -107.6657771 1045.7359999999999 330764572 330764566 330764556 330764557 330764542 330764543 330764526 330764521 330764524
331058125: 37.8180967 -107.6583566 1141.387 330764572 330764574 330764575 330764587 330764594 330764609 330764618 330764623 330764638
330098685: 37.8065591 -107.6690796 884.577 330764572 330764566 330764556 330764557 330764542 330764543 330764526 330764521
330764551: 37.808932 -107.6641836 605.706 330764572 330764574 330764575 330764561 330764571 330764550
330764599: 37.8123267 -107.6610804 607.0419999999999 330764572 330764574 330764575 330764587 330764588 330764602
330764521: 37.8074359 -107.6682606 763.405 330764572 330764566 330764556 330764557 330764542 330764543 330764526
330764609: 37.814166 -107.6620647 535.47 330764572 330764574 330764575 330764587 330764594
330764641: 37.8151704 -107.6571294 1092.068 330764572 330764574 330764575 330764587 330764594 330764609 330764618 330764623 330764636 330764637 330764639 330764640
330764557: 37.8104726 -107.6667961 322.514 330764572 330764566 330764556
330764621: 37.8134541 -107.6586234 933.404 330764572 330764574 330764575 330764587 330764588 330764602 330764599 330764614 330764613
330764519: 37.8084171 -107.6699987 763.626 330764572 330764566 330764556 330764557 330764542 330764525 330764520
330764607: 37.8151958 -107.6637813 349.00600000000003 330764572 330764585 330764592 330764606
330764633: 37.8148398 -107.6587307 942.3639999999999 330764572 330764574 330764575 330764587 330764594 330764609 330764618 330764623 330764636 330764635 330764634
330098683: 37.8058212 -107.6697573 985.953 330764572 330764566 330764556 330764557 330764542 330764543 330764526 330764521 330098685
330764623: 37.8156111 -107.6607156 735.15 330764572 330764574 330764575 330764587 330764594 330764609 330764618
330098703: 37.8031064 -107.6695588 1392.304 330764572 330764566 330764556 330764557 330764542 330764543 330764526 330764521 330098685 330098683 330098681 330098706
330764591: 37.8146344 -107.6650835 287.194 330764572 330764585 330764592
330764603: 37.8110377 -107.6608244 805.564 330764572 330764574 330764575 330764587 330764588 330764602 330764599 330764598
2042183459: 37.8059188 -107.6700764 970.1209999999999 330764572 330764566 330764556 330764557 330764542 330764525 330764520 330098741 330098732
330764631: 37.8143249 -107.6578188 1053.285 330764572 330764574 330764575 330764587 330764588 330764602 330764599 330764614 330764613 330764621
330764585: 37.813488 -107.665345 114.632 330764572
330764549: 37.8099492 -107.6659351 417.951 330764572 330764566 330764556 330764557
330098641: 37.8040903 -107.6714193 1227.759 330764572 330764566 330764556 330764557 330764542 330764543 330764526 330764521 330098685 330098683 330098681 330098680 330098653
330764575: 37.8116381 -107.6644036 187.28 330764572 330764574
330764525: 37.8087682 -107.6683713 557.193 330764572 330764566 330764556 330764557 330764542
330764637: 37.8156027 -107.6594844 844.131 330764572 330764574 330764575 330764587 330764594 330764609 330764618 330764623 330764636
330764615: 37.8161048 -107.6629069 475.95500000000004 330764572 330764585 330764592 330764606 330764607
330764635: 37.8152361 -107.6597821 828.18 330764572 330764574 330764575 330764587 330764594 330764609 330764618 330764623 330764636
330764561: 37.8108096 -107.6651412 299.911 330764572 330764574 330764575
330764593: 37.8138228 -107.6637223 323.552 330764572 330764585 330764586
330764613: 37.8126213 -107.6593879 819.012 330764572 330764574 330764575 330764587 330764588 330764602 330764599 330764614
330764571: 37.8102946 -107.6642856 394.403 330764572 330764574 330764575 330764561
330764581: 37.8106342 -107.6626378 378.392 330764572 330764574 330764575 330764576
330098669: 37.8056042 -107.6713351 1130.3439999999998 330764572 330764566 330764556 330764557 330764542 330764543 330764526 330764521 330098685 330098683 330098694
1826005507: 37.8043293 -107.6677159 1246.919 330764572 330764566 330764556 330764557 330764542 330764543 330764526 330764521 330098685 330098683 330098681 330098706
330764577: 37.8101346 -107.6617791 472.076 330764572 330764574 330764575 330764576 330764581
