1826005506: 37.8125684 -107.6687888 851.863 330764569 330764570 330764571 330764561 330764562 330764566 330764554
330764640: 37.8156472 -107.6578912 1084.61 330764569 330764570 330764581 330764588 330764602 330764599 330764614 330764620 330764633
331107624: 37.8037969 -107.6743977 1463.637 330764569 330764552 330764546 330764530 330764524 330764521 330098685 330098683 330098681 330098680 330098653 330098641
330764554: 37.8114601 -107.6685208 676.62 330764569 330764570 330764571 330764561 330764562 330764566
331058144: 37.8181867 -107.6574714 1419.717 330764569 330764570 330764581 330764588 330764587 330764594 330764609 330764618 330764623 330764638 331058125
330098706: 37.8046661 -107.6682955 1136.25 330764569 330764552 330764546 330764530 330764524 330764521 330098685 330098683 330098681
330764588: 37.8119708 -107.6627674 410.342 330764569 330764570 330764581
330764622: 37.8131405 -107.6580789 1006.472 330764569 330764570 330764581 330764588 330764602 330764599 330764614 330764613 330764621
330764546: 37.8080865 -107.6649695 314.178 330764569 330764552
330764562: 37.8113224 -107.666021 380.277 330764569 330764570 330764571 330764561
330764632: 37.8140283 -107.6572931 1123.9080000000001 330764569 330764570 330764581 330764588 330764602 330764599 330764614 330764613 330764621 330764631
330764570: 37.8097882 -107.6634165 94.87100000000001 330764569
330764618: 37.8150602 -107.6612439 858.22 330764569 330764570 330764581 330764588 330764587 330764594 330764609
330098732: 37.8062937 -107.6707095 1040.556 330764569 330764552 330764546 330764530 330764524 330764521 330764520 330098741
330764602: 37.8128099 -107.6619172 529.857 330764569 330764570 330764581 330764588
330764566: 37.8118076 -107.6668819 473.177 330764569 330764570 330764571 330764561 330764562
330764550: 37.809447 -107.6650527 304.04999999999995 330764569 330764552 330764551
330764574: 37.8121361 -107.6652485 489.46799999999996 330764569 330764570 330764571 330764561 330764575
330764572: 37.812651 -107.6661068 584.1419999999999 330764569 330764570 330764571 330764561 330764575 330764574
330764530: 37.807756 -107.666603 507.196 330764569 330764552 330764546
330764638: 37.8166855 -107.6597526 1081.468 330764569 330764570 330764581 330764588 330764587 330764594 330764609 330764618 330764623
330764552: 37.8084351 -107.663328 115.31299999999999 330764569
330764584: 37.8137179 -107.6657607 737.292 330764569 330764570 330764581 330764588 330764587 330764586 330764585
330764524: 37.8069358 -107.667405 622.4440000000001 330764569 330764552 330764546 330764530
330764576: 37.8111359 -107.6635211 304.899 330764569 330764570 330764571
3042563270: 37.8101077 -107.6617323 123.064 330764569 330764577
330764606: 37.8151535 -107.6638215 919.479 330764569 330764570 330764581 330764588 330764587 330764586 330764593 330764592
330764592: 37.8143313 -107.6645672 807.01 330764569 330764570 330764581 330764588 330764587 330764586 330764593
330764594: 37.8133163 -107.6628318 619.34 330764569 330764570 330764581 330764588 330764587
331058146: 37.8181665 -107.6566922 1488.199 330764569 330764570 330764581 330764588 330764587 330764594 330764609 330764618 330764623 330764638 331058125 331058144
1826005504: 37.8111838 -107.6687122 712.106 330764569 330764570 330764571 330764561 330764562 330764566 330764554
330098752: 37.8067716 -107.6714618 1117.996 330764569 330764552 330764546 330764530 330764524 330764521 330764520 330098741
330764604: 37.8155688 -107.6643634 986.5600000000001 330764569 330764570 330764581 330764588 330764587 330764586 330764593 330764592 330764606
330764644: 37.8160286 -107.656314 1289.3039999999999 330764569 330764570 330764581 330764588 330764602 330764599 330764614 330764620 330764633 330764640 330764641
330764608: 37.8146809 -107.6629016 828.5720000000001 330764569 330764570 330764581 330764588 330764587 330764594 330764609
330764620: 37.8139881 -107.6594951 852.333 330764569 330764570 330764581 330764588 330764602 330764599 330764614
330764636: 37.8155794 -107.6604956 954.715 330764569 330764570 330764581 330764588 330764587 330764594 330764609 330764618 330764623
330764586: 37.8129837 -107.6644867 598.751 330764569 330764570 330764581 330764588 330764587
330764612: 37.8122441 -107.6587736 901.2339999999999 330764569 330764570 330764581 330764588 330764602 330764599 330764614 330764613
330764556: 37.810977 -107.6676383 586.955 330764569 330764570 330764571 330764561 330764562 330764566
330098680: 37.8055774 -107.6699879 972.3380000000001 330764569 330764552 330764546 330764530 330764524 330764521 330098685 330098683 330098681
330764598: 37.8117991 -107.6601952 718.329 330764569 330764570 330764581 330764588 330764602 330764599
1356606892: 37.8055113 -107.6712321 1096.618 330764569 330764552 330764546 330764530 330764524 330764521 330098685 330098683 330098694 330098669
330098694: 37.8056156 -107.6703259 993.431 330764569 330764552 330764546 330764530 330764524 330764521 330098685 330098683
2084019368: 37.8114968 -107.6570223 1027.26 330764569 330764570 330764581 330764588 330764602 330764599 330764598
330764526: 37.8082709 -107.6675015 604.7090000000001 330764569 330764552 330764546 330764530
330764542: 37.8096228 -107.6675632 598.985 330764569 330764552 330764546 330764547 330764543
330764520: 37.8079382 -107.6691538 812.263 330764569 330764552 330764546 330764530 330764524 330764521
330764614: 37.8131426 -107.6602623 736.6569999999999 330764569 330764570 330764581 330764588 330764602 330764599
330764634: 37.8153336 -107.6596936 1041.442 330764569 330764570 330764581 330764588 330764587 330764594 330764609 330764618 330764623 330764636 330764635
330764626: 37.8187672 -107.6622713 1365.871 330764569 330764570 330764581 330764588 330764587 330764594 330764609 330764608 330764615
330098653: 37.8044754 -107.6709965 1123.557 330764569 330764552 330764546 330764530 330764524 330764521 330098685 330098683 330098681 330098680
330764587: 37.8124751 -107.6636123 503.365 330764569 330764570 330764581 330764588
3042563877: 37.8088158 -107.6617505 87.11 330764569
330764639: 37.8159925 -107.6585 1140.7790000000002 330764569 330764570 330764581 330764588 330764587 330764594 330764609 330764618 330764623 330764636 330764637
330764619: 37.8145559 -107.6603964 951.423 330764569 330764570 330764581 330764588 330764587 330764594 330764609 330764618
330764547: 37.8085993 -107.6658037 407.034 330764569 330764552 330764546
330764573: 37.812812 -107.6663857 614.486 330764569 330764570 330764571 330764561 330764575 330764574 330764572
330764569: 37.8092732 -107.6625555 0.0 
330764643: 37.8165647 -107.6571214 1277.6860000000001 330764569 330764570 330764581 330764588 330764587 330764594 330764609 330764618 330764623 330764636 330764637 330764639
330098681: 37.8057088 -107.6698619 954.0070000000001 330764569 330764552 330764546 330764530 330764524 330764521 330098685 330098683
330098741: 37.8070608 -107.6699879 934.28 330764569 330764552 330764546 330764530 330764524 330764521 330764520
330764543: 37.8091249 -107.666713 506.013 330764569 330764552 330764546 330764547
2042183279: 37.8058594 -107.6657771 811.273 330764569 330764552 330764546 330764530 330764524
331058125: 37.8180967 -107.6583566 1341.308 330764569 330764570 330764581 330764588 330764587 330764594 330764609 330764618 330764623 330764638
330098685: 37.8065591 -107.6690796 837.118 330764569 330764552 330764546 330764530 330764524 330764521
330764551: 37.808932 -107.6641836 208.60999999999999 330764569 330764552
330764599: 37.8123267 -107.6610804 620.9169999999999 330764569 330764570 330764581 330764588 330764602
330764521: 37.8074359 -107.6682606 715.946 330764569 330764552 330764546 330764530 330764524
330764609: 37.814166 -107.6620647 735.3910000000001 330764569 330764570 330764581 330764588 330764587 330764594
330764641: 37.8151704 -107.6571294 1169.9859999999999 330764569 330764570 330764581 330764588 330764602 330764599 330764614 330764620 330764633 330764640
330764557: 37.8104726 -107.6667961 495.025 330764569 330764552 330764551 330764550 330764549
330764621: 37.8134541 -107.6586234 947.279 330764569 330764570 330764581 330764588 330764602 330764599 330764614 330764613
330764519: 37.8084171 -107.6699987 903.616 330764569 330764552 330764546 330764530 330764524 330764521 330764520
330764607: 37.8151958 -107.6637813 924.7470000000001 330764569 330764570 330764581 330764588 330764587 330764594 330764609 330764608
330764633: 37.8148398 -107.6587307 968.4269999999999 330764569 330764570 330764581 330764588 330764602 330764599 330764614 330764620
330098683: 37.8058212 -107.6697573 938.494 330764569 330764552 330764546 330764530 330764524 330764521 330098685
330764623: 37.8156111 -107.6607156 935.071 330764569 330764570 330764581 330764588 330764587 330764594 330764609 330764618
330098703: 37.8031064 -107.6695588 1344.845 330764569 330764552 330764546 330764530 330764524 330764521 330098685 330098683 330098681 330098706
330764591: 37.8146344 -107.6650835 863.549 330764569 330764570 330764581 330764588 330764587 330764586 330764593 330764592
330764603: 37.8110377 -107.6608244 819.439 330764569 330764570 330764581 330764588 330764602 330764599 330764598
2042183459: 37.8059188 -107.6700764 1110.111 330764569 330764552 330764546 330764530 330764524 330764521 330764520 330098741 330098732
330764631: 37.8143249 -107.6578188 1067.16 330764569 330764570 330764581 330764588 330764602 330764599 330764614 330764613 330764621
330764585: 37.813488 -107.665345 692.716 330764569 330764570 330764581 330764588 330764587 330764586
330764549: 37.8099492 -107.6659351 399.58799999999997 330764569 330764552 330764551 330764550
330098641: 37.8040903 -107.6714193 1180.3 330764569 330764552 330764546 330764530 330764524 330764521 330098685 330098683 330098681 330098680 330098653
330764575: 37.8116381 -107.6644036 396.86199999999997 330764569 330764570 330764571 330764561
330764525: 37.8087682 -107.6683713 699.0310000000001 330764569 330764552 330764546 330764530 330764526
330764637: 37.8156027 -107.6594844 1044.0520000000001 330764569 330764570 330764581 330764588 330764587 330764594 330764609 330764618 330764623 330764636
330764615: 37.8161048 -107.6629069 1038.048 330764569 330764570 330764581 330764588 330764587 330764594 330764609 330764608
330764635: 37.8152361 -107.6597821 1028.101 330764569 330764570 330764581 330764588 330764587 330764594 330764609 330764618 330764623 330764636
330764561: 37.8108096 -107.6651412 284.231 330764569 330764570 330764571
330764593: 37.8138228 -107.6637223 713.706 330764569 330764570 330764581 330764588 330764587 330764586
330764613: 37.8126213 -107.6593879 832.887 330764569 330764570 330764581 330764588 330764602 330764599 330764614
330764571: 37.8102946 -107.6642856 189.739 330764569 330764570
330764581: 37.8106342 -107.6626378 211.20600000000002 330764569 330764570
330098669: 37.8056042 -107.6713351 1082.885 330764569 330764552 330764546 330764530 330764524 330764521 330098685 330098683 330098694
1826005507: 37.8043293 -107.6677159 1199.46 330764569 330764552 330764546 330764530 330764524 330764521 330098685 330098683 330098681 330098706
330764577: 37.8101346 -107.6617791 117.97999999999999 330764569
