1826005506: 37.8125684 -107.6687888 938.973 3042563877 330764569 330764570 330764571 330764561 330764562 330764566 330764554
330764640: 37.8156472 -107.6578912 1171.72 3042563877 330764569 330764570 330764581 330764588 330764602 330764599 330764614 330764620 330764633
331107624: 37.8037969 -107.6743977 1550.7469999999998 3042563877 330764569 330764552 330764546 330764530 330764524 330764521 330098685 330098683 330098681 330098680 330098653 330098641
330764554: 37.8114601 -107.6685208 763.73 3042563877 330764569 330764570 330764571 330764561 330764562 330764566
331058144: 37.8181867 -107.6574714 1506.8270000000002 3042563877 330764569 330764570 330764581 330764588 330764587 330764594 330764609 330764618 330764623 330764638 331058125
330098706: 37.8046661 -107.6682955 1223.36 3042563877 330764569 330764552 330764546 330764530 330764524 330764521 330098685 330098683 330098681
330764588: 37.8119708 -107.6627674 497.452 3042563877 330764569 330764570 330764581
330764622: 37.8131405 -107.6580789 1093.582 3042563877 330764569 330764570 330764581 330764588 330764602 330764599 330764614 330764613 330764621
330764546: 37.8080865 -107.6649695 401.288 3042563877 330764569 330764552
330764562: 37.8113224 -107.666021 467.387 3042563877 330764569 330764570 330764571 330764561
330764632: 37.8140283 -107.6572931 1211.0180000000003 3042563877 330764569 330764570 330764581 330764588 330764602 330764599 330764614 330764613 330764621 330764631
330764570: 37.8097882 -107.6634165 181.981 3042563877 330764569
330764618: 37.8150602 -107.6612439 945.3300000000002 3042563877 330764569 330764570 330764581 330764588 330764587 330764594 330764609
330098732: 37.8062937 -107.6707095 1127.6660000000002 3042563877 330764569 330764552 330764546 330764530 330764524 330764521 330764520 330098741
330764602: 37.8128099 -107.6619172 616.967 3042563877 330764569 330764570 330764581 330764588
330764566: 37.8118076 -107.6668819 560.287 3042563877 330764569 330764570 330764571 330764561 330764562
330764550: 37.809447 -107.6650527 391.16 3042563877 330764569 330764552 330764551
330764574: 37.8121361 -107.6652485 576.578 3042563877 330764569 330764570 330764571 330764561 330764575
330764572: 37.812651 -107.6661068 671.252 3042563877 330764569 330764570 330764571 330764561 330764575 330764574
330764530: 37.807756 -107.666603 594.306 3042563877 330764569 330764552 330764546
330764638: 37.8166855 -107.6597526 1168.5780000000002 3042563877 330764569 330764570 330764581 330764588 330764587 330764594 330764609 330764618 330764623
330764552: 37.8084351 -107.663328 202.423 3042563877 330764569
330764584: 37.8137179 -107.6657607 824.402 3042563877 330764569 330764570 330764581 330764588 330764587 330764586 330764585
330764524: 37.8069358 -107.667405 709.5540000000001 3042563877 330764569 330764552 330764546 330764530
330764576: 37.8111359 -107.6635211 392.009 3042563877 330764569 330764570 330764571
3042563270: 37.8101077 -107.6617323 210.17399999999998 3042563877 330764569 330764577
330764606: 37.8151535 -107.6638215 1006.5889999999999 3042563877 330764569 330764570 330764581 330764588 330764587 330764586 330764593 330764592
330764592: 37.8143313 -107.6645672 894.12 3042563877 330764569 330764570 330764581 330764588 330764587 330764586 330764593
330764594: 37.8133163 -107.6628318 706.45 3042563877 330764569 330764570 330764581 330764588 330764587
331058146: 37.8181665 -107.6566922 1575.3090000000002 3042563877 330764569 330764570 330764581 330764588 330764587 330764594 330764609 330764618 330764623 330764638 331058125 331058144
1826005504: 37.8111838 -107.6687122 799.216 3042563877 330764569 330764570 330764571 330764561 330764562 330764566 330764554
330098752: 37.8067716 -107.6714618 1205.1060000000002 3042563877 330764569 330764552 330764546 330764530 330764524 330764521 330764520 330098741
330764604: 37.8155688 -107.6643634 1073.6699999999998 3042563877 330764569 330764570 330764581 330764588 330764587 330764586 330764593 330764592 330764606
330764644: 37.8160286 -107.656314 1376.414 3042563877 330764569 330764570 330764581 330764588 330764602 330764599 330764614 330764620 330764633 330764640 330764641
330764608: 37.8146809 -107.6629016 915.6820000000001 3042563877 330764569 330764570 330764581 330764588 330764587 330764594 330764609
330764620: 37.8139881 -107.6594951 939.4430000000001 3042563877 330764569 330764570 330764581 330764588 330764602 330764599 330764614
330764636: 37.8155794 -107.6604956 1041.825 3042563877 330764569 330764570 330764581 330764588 330764587 330764594 330764609 330764618 330764623
330764586: 37.8129837 -107.6644867 685.861 3042563877 330764569 330764570 330764581 330764588 330764587
330764612: 37.8122441 -107.6587736 988.344 3042563877 330764569 330764570 330764581 330764588 330764602 330764599 330764614 330764613
330764556: 37.810977 -107.6676383 674.065 3042563877 330764569 330764570 330764571 330764561 330764562 330764566
330098680: 37.8055774 -107.6699879 1059.4479999999999 3042563877 330764569 330764552 330764546 330764530 330764524 330764521 330098685 330098683 330098681
330764598: 37.8117991 -107.6601952 805.4390000000001 3042563877 330764569 330764570 330764581 330764588 330764602 330764599
1356606892: 37.8055113 -107.6712321 1183.7279999999998 3042563877 330764569 330764552 330764546 330764530 330764524 330764521 330098685 330098683 330098694 330098669
330098694: 37.8056156 -107.6703259 1080.541 3042563877 330764569 330764552 330764546 330764530 330764524 330764521 330098685 330098683
2084019368: 37.8114968 -107.6570223 1114.3700000000001 3042563877 330764569 330764570 330764581 330764588 330764602 330764599 330764598
330764526: 37.8082709 -107.6675015 691.8190000000001 3042563877 330764569 330764552 330764546 330764530
330764542: 37.8096228 -107.6675632 686.095 3042563877 330764569 330764552 330764546 330764547 330764543
330764520: 37.8079382 -107.6691538 899.373 3042563877 330764569 330764552 330764546 330764530 330764524 330764521
330764614: 37.8131426 -107.6602623 823.767 3042563877 330764569 330764570 330764581 330764588 330764602 330764599
330764634: 37.8153336 -107.6596936 1128.552 3042563877 330764569 330764570 330764581 330764588 330764587 330764594 330764609 330764618 330764623 330764636 330764635
330764626: 37.8187672 -107.6622713 1452.9810000000002 3042563877 330764569 330764570 330764581 330764588 330764587 330764594 330764609 330764608 330764615
330098653: 37.8044754 -107.6709965 1210.667 3042563877 330764569 330764552 330764546 330764530 330764524 330764521 330098685 330098683 330098681 330098680
330764587: 37.8124751 -107.6636123 590.475 3042563877 330764569 330764570 330764581 330764588
3042563877: 37.8088158 -107.6617505 0.0 
330764639: 37.8159925 -107.6585 1227.8890000000001 3042563877 330764569 330764570 330764581 330764588 330764587 330764594 330764609 330764618 330764623 330764636 330764637
330764619: 37.8145559 -107.6603964 1038.5330000000001 3042563877 330764569 330764570 330764581 330764588 330764587 330764594 330764609 330764618
330764547: 37.8085993 -107.6658037 494.144 3042563877 330764569 330764552 330764546
330764573: 37.812812 -107.6663857 701.596 3042563877 330764569 330764570 330764571 330764561 330764575 330764574 330764572
330764569: 37.8092732 -107.6625555 87.11 3042563877
330764643: 37.8165647 -107.6571214 1364.796 3042563877 330764569 330764570 330764581 330764588 330764587 330764594 330764609 330764618 330764623 330764636 330764637 330764639
330098681: 37.8057088 -107.6698619 1041.117 3042563877 330764569 330764552 330764546 330764530 330764524 330764521 330098685 330098683
330098741: 37.8070608 -107.6699879 1021.3900000000001 3042563877 330764569 330764552 330764546 330764530 330764524 330764521 330764520
330764543: 37.8091249 -107.666713 593.123 3042563877 330764569 330764552 330764546 330764547
2042183279: 37.8058594 -107.6657771 898.383 3042563877 330764569 330764552 330764546 330764530 330764524
331058125: 37.8180967 -107.6583566 1428.4180000000001 3042563877 330764569 330764570 330764581 330764588 330764587 330764594 330764609 330764618 330764623 330764638
330098685: 37.8065591 -107.6690796 924.2280000000001 3042563877 330764569 330764552 330764546 330764530 330764524 330764521
330764551: 37.808932 -107.6641836 295.72 3042563877 330764569 330764552
330764599: 37.8123267 -107.6610804 708.027 3042563877 330764569 330764570 330764581 330764588 330764602
330764521: 37.8074359 -107.6682606 803.056 3042563877 330764569 330764552 330764546 330764530 330764524
330764609: 37.814166 -107.6620647 822.5010000000001 3042563877 330764569 330764570 330764581 330764588 330764587 330764594
330764641: 37.8151704 -107.6571294 1257.096 3042563877 330764569 330764570 330764581 330764588 330764602 330764599 330764614 330764620 330764633 330764640
330764557: 37.8104726 -107.6667961 582.135 3042563877 330764569 330764552 330764551 330764550 330764549
330764621: 37.8134541 -107.6586234 1034.3890000000001 3042563877 330764569 330764570 330764581 330764588 330764602 330764599 330764614 330764613
330764519: 37.8084171 -107.6699987 990.7260000000001 3042563877 330764569 330764552 330764546 330764530 330764524 330764521 330764520
330764607: 37.8151958 -107.6637813 1011.8570000000002 3042563877 330764569 330764570 330764581 330764588 330764587 330764594 330764609 330764608
330764633: 37.8148398 -107.6587307 1055.537 3042563877 330764569 330764570 330764581 330764588 330764602 330764599 330764614 330764620
330098683: 37.8058212 -107.6697573 1025.604 3042563877 330764569 330764552 330764546 330764530 330764524 330764521 330098685
330764623: 37.8156111 -107.6607156 1022.1810000000002 3042563877 330764569 330764570 330764581 330764588 330764587 330764594 330764609 330764618
330098703: 37.8031064 -107.6695588 1431.955 3042563877 330764569 330764552 330764546 330764530 330764524 330764521 330098685 330098683 330098681 330098706
330764591: 37.8146344 -107.6650835 950.659 3042563877 330764569 330764570 330764581 330764588 330764587 330764586 330764593 330764592
330764603: 37.8110377 -107.6608244 906.5490000000001 3042563877 330764569 330764570 330764581 330764588 330764602 330764599 330764598
2042183459: 37.8059188 -107.6700764 1197.2210000000002 3042563877 330764569 330764552 330764546 330764530 330764524 330764521 330764520 330098741 330098732
330764631: 37.8143249 -107.6578188 1154.2700000000002 3042563877 330764569 330764570 330764581 330764588 330764602 330764599 330764614 330764613 330764621
330764585: 37.813488 -107.665345 779.826 3042563877 330764569 330764570 330764581 330764588 330764587 330764586
330764549: 37.8099492 -107.6659351 486.69800000000004 3042563877 330764569 330764552 330764551 330764550
330098641: 37.8040903 -107.6714193 1267.4099999999999 3042563877 330764569 330764552 330764546 330764530 330764524 330764521 330098685 330098683 330098681 330098680 330098653
330764575: 37.8116381 -107.6644036 483.972 3042563877 330764569 330764570 330764571 330764561
330764525: 37.8087682 -107.6683713 786.1410000000001 3042563877 330764569 330764552 330764546 330764530 330764526
330764637: 37.8156027 -107.6594844 1131.162 3042563877 330764569 330764570 330764581 330764588 330764587 330764594 330764609 330764618 330764623 330764636
330764615: 37.8161048 -107.6629069 1125.1580000000001 3042563877 330764569 330764570 330764581 330764588 330764587 330764594 330764609 330764608
330764635: 37.8152361 -107.6597821 1115.211 3042563877 330764569 330764570 330764581 330764588 330764587 330764594 330764609 330764618 330764623 330764636
330764561: 37.8108096 -107.6651412 371.341 3042563877 330764569 330764570 330764571
330764593: 37.8138228 -107.6637223 800.816 3042563877 330764569 330764570 330764581 330764588 330764587 330764586
330764613: 37.8126213 -107.6593879 919.9970000000001 3042563877 330764569 330764570 330764581 330764588 330764602 330764599 330764614
330764571: 37.8102946 -107.6642856 276.849 3042563877 330764569 330764570
330764581: 37.8106342 -107.6626378 298.316 3042563877 330764569 330764570
330098669: 37.8056042 -107.6713351 1169.995 3042563877 330764569 330764552 330764546 330764530 330764524 330764521 330098685 330098683 330098694
1826005507: 37.8043293 -107.6677159 1286.57 3042563877 330764569 330764552 330764546 330764530 330764524 330764521 330098685 330098683 330098681 330098706
330764577: 37.8101346 -107.6617791 205.08999999999997 3042563877 330764569
