1826005506: 37.8125684 -107.6687888 478.465 330764542 330764557 330764556 330764554
330764640: 37.8156472 -107.6578912 1257.6520000000003 330764542 330764557 330764562 330764574 330764575 330764587 330764594 330764609 330764618 330764623 330764636 330764637 330764639
331107624: 37.8037969 -107.6743977 1072.52 330764542 330764543 330764526 330764521 330098685 330098683 330098681 330098680 330098653 330098641
330764554: 37.8114601 -107.6685208 303.222 330764542 330764557 330764556
331058144: 37.8181867 -107.6574714 1470.7559999999999 330764542 330764557 330764562 330764574 330764575 330764587 330764594 330764609 330764618 330764623 330764638 331058125
330098706: 37.8046661 -107.6682955 745.133 330764542 330764543 330764526 330764521 330098685 330098683 330098681
330764588: 37.8119708 -107.6627674 647.427 330764542 330764557 330764562 330764574 330764575 330764587
330764622: 37.8131405 -107.6580789 1243.557 330764542 330764557 330764562 330764574 330764575 330764587 330764588 330764602 330764599 330764614 330764613 330764621
330764546: 37.8080865 -107.6649695 284.807 330764542 330764543 330764547
330764562: 37.8113224 -107.666021 232.53300000000002 330764542 330764557
330764632: 37.8140283 -107.6572931 1360.9930000000002 330764542 330764557 330764562 330764574 330764575 330764587 330764588 330764602 330764599 330764614 330764613 330764621 330764631
330764570: 37.8097882 -107.6634165 513.571 330764542 330764543 330764549 330764550 330764571
330764618: 37.8150602 -107.6612439 909.259 330764542 330764557 330764562 330764574 330764575 330764587 330764594 330764609
330098732: 37.8062937 -107.6707095 461.99 330764542 330764525 330764520 330098741
330764602: 37.8128099 -107.6619172 766.942 330764542 330764557 330764562 330764574 330764575 330764587 330764588
330764566: 37.8118076 -107.6668819 322.682 330764542 330764557 330764556
330764550: 37.809447 -107.6650527 302.84000000000003 330764542 330764543 330764549
330764574: 37.8121361 -107.6652485 345.634 330764542 330764557 330764562
330764572: 37.812651 -107.6661068 438.576 330764542 330764557 330764556 330764566
330764530: 37.807756 -107.666603 308.026 330764542 330764543 330764526
330764638: 37.8166855 -107.6597526 1132.507 330764542 330764557 330764562 330764574 330764575 330764587 330764594 330764609 330764618 330764623
330764552: 37.8084351 -107.663328 483.672 330764542 330764543 330764547 330764546
330764584: 37.8137179 -107.6657607 597.7840000000001 330764542 330764557 330764556 330764566 330764572 330764585
330764524: 37.8069358 -107.667405 418.331 330764542 330764543 330764526 330764521
330764576: 37.8111359 -107.6635211 533.783 330764542 330764557 330764562 330764574 330764575
3042563270: 37.8101077 -107.6617323 722.049 330764542 330764543 330764547 330764546 330764552 330764569 330764577
330764606: 37.8151535 -107.6638215 781.7 330764542 330764557 330764556 330764566 330764572 330764585 330764592
330764592: 37.8143313 -107.6645672 669.2310000000001 330764542 330764557 330764556 330764566 330764572 330764585
330764594: 37.8133163 -107.6628318 670.379 330764542 330764557 330764562 330764574 330764575 330764587
331058146: 37.8181665 -107.6566922 1539.2379999999998 330764542 330764557 330764562 330764574 330764575 330764587 330764594 330764609 330764618 330764623 330764638 331058125 331058144
1826005504: 37.8111838 -107.6687122 338.70799999999997 330764542 330764557 330764556 330764554
330098752: 37.8067716 -107.6714618 539.4300000000001 330764542 330764525 330764520 330098741
330764604: 37.8155688 -107.6643634 848.7810000000001 330764542 330764557 330764556 330764566 330764572 330764585 330764592 330764606
330764644: 37.8160286 -107.656314 1421.373 330764542 330764557 330764562 330764574 330764575 330764587 330764594 330764609 330764618 330764623 330764636 330764637 330764639 330764643
330764608: 37.8146809 -107.6629016 695.7700000000001 330764542 330764557 330764562 330764574 330764586 330764593
330764620: 37.8139881 -107.6594951 1089.418 330764542 330764557 330764562 330764574 330764575 330764587 330764588 330764602 330764599 330764614
330764636: 37.8155794 -107.6604956 1005.754 330764542 330764557 330764562 330764574 330764575 330764587 330764594 330764609 330764618 330764623
330764586: 37.8129837 -107.6644867 461.225 330764542 330764557 330764562 330764574
330764612: 37.8122441 -107.6587736 1138.319 330764542 330764557 330764562 330764574 330764575 330764587 330764588 330764602 330764599 330764614 330764613
330764556: 37.810977 -107.6676383 208.904 330764542 330764557
330098680: 37.8055774 -107.6699879 581.221 330764542 330764543 330764526 330764521 330098685 330098683 330098681
330764598: 37.8117991 -107.6601952 955.414 330764542 330764557 330764562 330764574 330764575 330764587 330764588 330764602 330764599
1356606892: 37.8055113 -107.6712321 705.5009999999999 330764542 330764543 330764526 330764521 330098685 330098683 330098694 330098669
330098694: 37.8056156 -107.6703259 602.314 330764542 330764543 330764526 330764521 330098685 330098683
2084019368: 37.8114968 -107.6570223 1264.345 330764542 330764557 330764562 330764574 330764575 330764587 330764588 330764602 330764599 330764598
330764526: 37.8082709 -107.6675015 210.513 330764542 330764543
330764542: 37.8096228 -107.6675632 0.0 
330764520: 37.8079382 -107.6691538 233.697 330764542 330764525
330764614: 37.8131426 -107.6602623 973.742 330764542 330764557 330764562 330764574 330764575 330764587 330764588 330764602 330764599
330764634: 37.8153336 -107.6596936 1092.481 330764542 330764557 330764562 330764574 330764575 330764587 330764594 330764609 330764618 330764623 330764636 330764635
330764626: 37.8187672 -107.6622713 1233.069 330764542 330764557 330764562 330764574 330764586 330764593 330764608 330764615
330098653: 37.8044754 -107.6709965 732.44 330764542 330764543 330764526 330764521 330098685 330098683 330098681 330098680
330764587: 37.8124751 -107.6636123 554.404 330764542 330764557 330764562 330764574 330764575
3042563877: 37.8088158 -107.6617505 686.095 330764542 330764543 330764547 330764546 330764552 330764569
330764639: 37.8159925 -107.6585 1191.8180000000002 330764542 330764557 330764562 330764574 330764575 330764587 330764594 330764609 330764618 330764623 330764636 330764637
330764619: 37.8145559 -107.6603964 1002.462 330764542 330764557 330764562 330764574 330764575 330764587 330764594 330764609 330764618
330764547: 37.8085993 -107.6658037 191.95100000000002 330764542 330764543
330764573: 37.812812 -107.6663857 468.92 330764542 330764557 330764556 330764566 330764572
330764569: 37.8092732 -107.6625555 598.985 330764542 330764543 330764547 330764546 330764552
330764643: 37.8165647 -107.6571214 1328.7250000000001 330764542 330764557 330764562 330764574 330764575 330764587 330764594 330764609 330764618 330764623 330764636 330764637 330764639
330098681: 37.8057088 -107.6698619 562.89 330764542 330764543 330764526 330764521 330098685 330098683
330098741: 37.8070608 -107.6699879 355.714 330764542 330764525 330764520
330764543: 37.8091249 -107.666713 92.97200000000001 330764542
2042183279: 37.8058594 -107.6657771 607.16 330764542 330764543 330764526 330764521 330764524
331058125: 37.8180967 -107.6583566 1392.347 330764542 330764557 330764562 330764574 330764575 330764587 330764594 330764609 330764618 330764623 330764638
330098685: 37.8065591 -107.6690796 446.001 330764542 330764543 330764526 330764521
330764551: 37.808932 -107.6641836 398.28000000000003 330764542 330764543 330764549 330764550
330764599: 37.8123267 -107.6610804 858.002 330764542 330764557 330764562 330764574 330764575 330764587 330764588 330764602
330764521: 37.8074359 -107.6682606 324.829 330764542 330764543 330764526
330764609: 37.814166 -107.6620647 786.4300000000001 330764542 330764557 330764562 330764574 330764575 330764587 330764594
330764641: 37.8151704 -107.6571294 1343.0280000000002 330764542 330764557 330764562 330764574 330764575 330764587 330764594 330764609 330764618 330764623 330764636 330764637 330764639 330764640
330764557: 37.8104726 -107.6667961 116.062 330764542
330764621: 37.8134541 -107.6586234 1184.364 330764542 330764557 330764562 330764574 330764575 330764587 330764588 330764602 330764599 330764614 330764613
330764519: 37.8084171 -107.6699987 325.05 330764542 330764525 330764520
330764607: 37.8151958 -107.6637813 787.582 330764542 330764557 330764556 330764566 330764572 330764585 330764592 330764606
330764633: 37.8148398 -107.6587307 1193.324 330764542 330764557 330764562 330764574 330764575 330764587 330764594 330764609 330764618 330764623 330764636 330764635 330764634
330098683: 37.8058212 -107.6697573 547.377 330764542 330764543 330764526 330764521 330098685
330764623: 37.8156111 -107.6607156 986.11 330764542 330764557 330764562 330764574 330764575 330764587 330764594 330764609 330764618
330098703: 37.8031064 -107.6695588 953.7280000000001 330764542 330764543 330764526 330764521 330098685 330098683 330098681 330098706
330764591: 37.8146344 -107.6650835 725.7700000000001 330764542 330764557 330764556 330764566 330764572 330764585 330764592
330764603: 37.8110377 -107.6608244 1056.524 330764542 330764557 330764562 330764574 330764575 330764587 330764588 330764602 330764599 330764598
2042183459: 37.8059188 -107.6700764 531.545 330764542 330764525 330764520 330098741 330098732
330764631: 37.8143249 -107.6578188 1304.2450000000001 330764542 330764557 330764562 330764574 330764575 330764587 330764588 330764602 330764599 330764614 330764613 330764621
330764585: 37.813488 -107.665345 553.2080000000001 330764542 330764557 330764556 330764566 330764572
330764549: 37.8099492 -107.6659351 207.30200000000002 330764542 330764543
330098641: 37.8040903 -107.6714193 789.183 330764542 330764543 330764526 330764521 330098685 330098683 330098681 330098680 330098653
330764575: 37.8116381 -107.6644036 438.24 330764542 330764557 330764562 330764574
330764525: 37.8087682 -107.6683713 118.617 330764542
330764637: 37.8156027 -107.6594844 1095.0910000000001 330764542 330764557 330764562 330764574 330764575 330764587 330764594 330764609 330764618 330764623 330764636
330764615: 37.8161048 -107.6629069 905.2460000000001 330764542 330764557 330764562 330764574 330764586 330764593 330764608
330764635: 37.8152361 -107.6597821 1079.14 330764542 330764557 330764562 330764574 330764575 330764587 330764594 330764609 330764618 330764623 330764636
330764561: 37.8108096 -107.6651412 325.697 330764542 330764543 330764549
330764593: 37.8138228 -107.6637223 576.1800000000001 330764542 330764557 330764562 330764574 330764586
330764613: 37.8126213 -107.6593879 1069.972 330764542 330764557 330764562 330764574 330764575 330764587 330764588 330764602 330764599 330764614
330764571: 37.8102946 -107.6642856 418.70300000000003 330764542 330764543 330764549 330764550
330764581: 37.8106342 -107.6626378 629.352 330764542 330764557 330764562 330764574 330764575 330764576
330098669: 37.8056042 -107.6713351 691.7679999999999 330764542 330764543 330764526 330764521 330098685 330098683 330098694
1826005507: 37.8043293 -107.6677159 808.3430000000001 330764542 330764543 330764526 330764521 330098685 330098683 330098681 330098706
330764577: 37.8101346 -107.6617791 716.965 330764542 330764543 330764547 330764546 330764552 330764569
