1826005506: 37.8125684 -107.6687888 803.2940000000001 330764521 330764526 330764543 330764542 330764557 330764556 330764554
330764640: 37.8156472 -107.6578912 1396.6250000000002 330764521 330764526 330764543 330764549 330764561 330764575 330764587 330764594 330764609 330764618 330764623 330764636 330764637 330764639
331107624: 37.8037969 -107.6743977 747.691 330764521 330098685 330098683 330098681 330098680 330098653 330098641
330764554: 37.8114601 -107.6685208 628.051 330764521 330764526 330764543 330764542 330764557 330764556
331058144: 37.8181867 -107.6574714 1609.7289999999998 330764521 330764526 330764543 330764549 330764561 330764575 330764587 330764594 330764609 330764618 330764623 330764638 331058125
330098706: 37.8046661 -107.6682955 420.304 330764521 330098685 330098683 330098681
330764588: 37.8119708 -107.6627674 786.007 330764521 330764524 330764530 330764547 330764550 330764571 330764576
330764622: 37.8131405 -107.6580789 1382.137 330764521 330764524 330764530 330764547 330764550 330764571 330764576 330764588 330764602 330764599 330764614 330764613 330764621
330764546: 37.8080865 -107.6649695 401.76800000000003 330764521 330764524 330764530
330764562: 37.8113224 -107.666021 557.3620000000001 330764521 330764526 330764543 330764542 330764557
330764632: 37.8140283 -107.6572931 1499.573 330764521 330764524 330764530 330764547 330764550 330764571 330764576 330764588 330764602 330764599 330764614 330764613 330764621 330764631
330764570: 37.8097882 -107.6634165 635.0540000000001 330764521 330764524 330764530 330764546 330764551
330764618: 37.8150602 -107.6612439 1048.232 330764521 330764526 330764543 330764549 330764561 330764575 330764587 330764594 330764609
330098732: 37.8062937 -107.6707095 324.61 330764521 330764520 330098741
330764602: 37.8128099 -107.6619172 905.5219999999999 330764521 330764524 330764530 330764547 330764550 330764571 330764576 330764588
330764566: 37.8118076 -107.6668819 647.5110000000001 330764521 330764526 330764543 330764542 330764557 330764556
330764550: 37.809447 -107.6650527 440.955 330764521 330764524 330764530 330764547
330764574: 37.8121361 -107.6652485 669.819 330764521 330764526 330764543 330764549 330764561 330764575
330764572: 37.812651 -107.6661068 763.4050000000001 330764521 330764526 330764543 330764542 330764557 330764556 330764566
330764530: 37.807756 -107.666603 208.75 330764521 330764524
330764638: 37.8166855 -107.6597526 1271.48 330764521 330764526 330764543 330764549 330764561 330764575 330764587 330764594 330764609 330764618 330764623
330764552: 37.8084351 -107.663328 600.633 330764521 330764524 330764530 330764546
330764584: 37.8137179 -107.6657607 922.613 330764521 330764526 330764543 330764542 330764557 330764556 330764566 330764572 330764585
330764524: 37.8069358 -107.667405 93.502 330764521
330764576: 37.8111359 -107.6635211 671.978 330764521 330764524 330764530 330764547 330764550 330764571
3042563270: 37.8101077 -107.6617323 839.01 330764521 330764524 330764530 330764546 330764552 330764569 330764577
330764606: 37.8151535 -107.6638215 1106.138 330764521 330764526 330764543 330764549 330764561 330764575 330764574 330764586 330764593 330764592
330764592: 37.8143313 -107.6645672 993.669 330764521 330764526 330764543 330764549 330764561 330764575 330764574 330764586 330764593
330764594: 37.8133163 -107.6628318 809.352 330764521 330764526 330764543 330764549 330764561 330764575 330764587
331058146: 37.8181665 -107.6566922 1678.2109999999998 330764521 330764526 330764543 330764549 330764561 330764575 330764587 330764594 330764609 330764618 330764623 330764638 331058125 331058144
1826005504: 37.8111838 -107.6687122 663.537 330764521 330764526 330764543 330764542 330764557 330764556 330764554
330098752: 37.8067716 -107.6714618 402.05 330764521 330764520 330098741
330764604: 37.8155688 -107.6643634 1173.2189999999998 330764521 330764526 330764543 330764549 330764561 330764575 330764574 330764586 330764593 330764592 330764606
330764644: 37.8160286 -107.656314 1560.346 330764521 330764526 330764543 330764549 330764561 330764575 330764587 330764594 330764609 330764618 330764623 330764636 330764637 330764639 330764643
330764608: 37.8146809 -107.6629016 1018.5840000000001 330764521 330764526 330764543 330764549 330764561 330764575 330764587 330764594 330764609
330764620: 37.8139881 -107.6594951 1227.9979999999998 330764521 330764524 330764530 330764547 330764550 330764571 330764576 330764588 330764602 330764599 330764614
330764636: 37.8155794 -107.6604956 1144.727 330764521 330764526 330764543 330764549 330764561 330764575 330764587 330764594 330764609 330764618 330764623
330764586: 37.8129837 -107.6644867 785.41 330764521 330764526 330764543 330764549 330764561 330764575 330764574
330764612: 37.8122441 -107.6587736 1276.899 330764521 330764524 330764530 330764547 330764550 330764571 330764576 330764588 330764602 330764599 330764614 330764613
330764556: 37.810977 -107.6676383 533.7330000000001 330764521 330764526 330764543 330764542 330764557
330098680: 37.8055774 -107.6699879 256.392 330764521 330098685 330098683 330098681
330764598: 37.8117991 -107.6601952 1093.994 330764521 330764524 330764530 330764547 330764550 330764571 330764576 330764588 330764602 330764599
1356606892: 37.8055113 -107.6712321 380.672 330764521 330098685 330098683 330098694 330098669
330098694: 37.8056156 -107.6703259 277.485 330764521 330098685 330098683
2084019368: 37.8114968 -107.6570223 1402.925 330764521 330764524 330764530 330764547 330764550 330764571 330764576 330764588 330764602 330764599 330764598
330764526: 37.8082709 -107.6675015 114.316 330764521
330764542: 37.8096228 -107.6675632 324.829 330764521 330764526 330764543
330764520: 37.8079382 -107.6691538 96.31700000000001 330764521
330764614: 37.8131426 -107.6602623 1112.322 330764521 330764524 330764530 330764547 330764550 330764571 330764576 330764588 330764602 330764599
330764634: 37.8153336 -107.6596936 1231.454 330764521 330764526 330764543 330764549 330764561 330764575 330764587 330764594 330764609 330764618 330764623 330764636 330764635
330764626: 37.8187672 -107.6622713 1555.8829999999998 330764521 330764526 330764543 330764549 330764561 330764575 330764587 330764594 330764609 330764608 330764615
330098653: 37.8044754 -107.6709965 407.611 330764521 330098685 330098683 330098681 330098680
330764587: 37.8124751 -107.6636123 693.377 330764521 330764526 330764543 330764549 330764561 330764575
3042563877: 37.8088158 -107.6617505 803.056 330764521 330764524 330764530 330764546 330764552 330764569
330764639: 37.8159925 -107.6585 1330.7910000000002 330764521 330764526 330764543 330764549 330764561 330764575 330764587 330764594 330764609 330764618 330764623 330764636 330764637
330764619: 37.8145559 -107.6603964 1141.435 330764521 330764526 330764543 330764549 330764561 330764575 330764587 330764594 330764609 330764618
330764547: 37.8085993 -107.6658037 325.899 330764521 330764524 330764530
330764573: 37.812812 -107.6663857 793.7490000000001 330764521 330764526 330764543 330764542 330764557 330764556 330764566 330764572
330764569: 37.8092732 -107.6625555 715.946 330764521 330764524 330764530 330764546 330764552
330764643: 37.8165647 -107.6571214 1467.698 330764521 330764526 330764543 330764549 330764561 330764575 330764587 330764594 330764609 330764618 330764623 330764636 330764637 330764639
330098681: 37.8057088 -107.6698619 238.061 330764521 330098685 330098683
330098741: 37.8070608 -107.6699879 218.334 330764521 330764520
330764543: 37.8091249 -107.666713 231.857 330764521 330764526
2042183279: 37.8058594 -107.6657771 282.33099999999996 330764521 330764524
331058125: 37.8180967 -107.6583566 1531.32 330764521 330764526 330764543 330764549 330764561 330764575 330764587 330764594 330764609 330764618 330764623 330764638
330098685: 37.8065591 -107.6690796 121.172 330764521
330764551: 37.808932 -107.6641836 518.412 330764521 330764524 330764530 330764546
330764599: 37.8123267 -107.6610804 996.5819999999999 330764521 330764524 330764530 330764547 330764550 330764571 330764576 330764588 330764602
330764521: 37.8074359 -107.6682606 0.0 
330764609: 37.814166 -107.6620647 925.403 330764521 330764526 330764543 330764549 330764561 330764575 330764587 330764594
330764641: 37.8151704 -107.6571294 1482.0010000000002 330764521 330764526 330764543 330764549 330764561 330764575 330764587 330764594 330764609 330764618 330764623 330764636 330764637 330764639 330764640
330764557: 37.8104726 -107.6667961 440.891 330764521 330764526 330764543 330764542
330764621: 37.8134541 -107.6586234 1322.944 330764521 330764524 330764530 330764547 330764550 330764571 330764576 330764588 330764602 330764599 330764614 330764613
330764519: 37.8084171 -107.6699987 187.67000000000002 330764521 330764520
330764607: 37.8151958 -107.6637813 1112.02 330764521 330764526 330764543 330764549 330764561 330764575 330764574 330764586 330764593 330764592 330764606
330764633: 37.8148398 -107.6587307 1332.297 330764521 330764526 330764543 330764549 330764561 330764575 330764587 330764594 330764609 330764618 330764623 330764636 330764635 330764634
330098683: 37.8058212 -107.6697573 222.548 330764521 330098685
330764623: 37.8156111 -107.6607156 1125.083 330764521 330764526 330764543 330764549 330764561 330764575 330764587 330764594 330764609 330764618
330098703: 37.8031064 -107.6695588 628.899 330764521 330098685 330098683 330098681 330098706
330764591: 37.8146344 -107.6650835 1050.208 330764521 330764526 330764543 330764549 330764561 330764575 330764574 330764586 330764593 330764592
330764603: 37.8110377 -107.6608244 1195.1039999999998 330764521 330764524 330764530 330764547 330764550 330764571 330764576 330764588 330764602 330764599 330764598
2042183459: 37.8059188 -107.6700764 394.165 330764521 330764520 330098741 330098732
330764631: 37.8143249 -107.6578188 1442.825 330764521 330764524 330764530 330764547 330764550 330764571 330764576 330764588 330764602 330764599 330764614 330764613 330764621
330764585: 37.813488 -107.665345 878.037 330764521 330764526 330764543 330764542 330764557 330764556 330764566 330764572
330764549: 37.8099492 -107.6659351 346.187 330764521 330764526 330764543
330098641: 37.8040903 -107.6714193 464.354 330764521 330098685 330098683 330098681 330098680 330098653
330764575: 37.8116381 -107.6644036 577.213 330764521 330764526 330764543 330764549 330764561
330764525: 37.8087682 -107.6683713 208.638 330764521 330764526
330764637: 37.8156027 -107.6594844 1234.064 330764521 330764526 330764543 330764549 330764561 330764575 330764587 330764594 330764609 330764618 330764623 330764636
330764615: 37.8161048 -107.6629069 1228.06 330764521 330764526 330764543 330764549 330764561 330764575 330764587 330764594 330764609 330764608
330764635: 37.8152361 -107.6597821 1218.113 330764521 330764526 330764543 330764549 330764561 330764575 330764587 330764594 330764609 330764618 330764623 330764636
330764561: 37.8108096 -107.6651412 464.582 330764521 330764526 330764543 330764549
330764593: 37.8138228 -107.6637223 900.365 330764521 330764526 330764543 330764549 330764561 330764575 330764574 330764586
330764613: 37.8126213 -107.6593879 1208.552 330764521 330764524 330764530 330764547 330764550 330764571 330764576 330764588 330764602 330764599 330764614
330764571: 37.8102946 -107.6642856 556.818 330764521 330764524 330764530 330764547 330764550
330764581: 37.8106342 -107.6626378 751.3890000000001 330764521 330764524 330764530 330764546 330764551 330764570
330098669: 37.8056042 -107.6713351 366.939 330764521 330098685 330098683 330098694
1826005507: 37.8043293 -107.6677159 483.51399999999995 330764521 330098685 330098683 330098681 330098706
330764577: 37.8101346 -107.6617791 833.926 330764521 330764524 330764530 330764546 330764552 330764569
