1826005506: 37.8125684 -107.6687888 1286.808 1826005507 330098706 330098681 330098683 330098685 330764521 330764526 330764543 330764542 330764557 330764556 330764554
330764640: 37.8156472 -107.6578912 1880.139 1826005507 330098706 330098681 330098683 330098685 330764521 330764526 330764543 330764549 330764561 330764575 330764587 330764594 330764609 330764618 330764623 330764636 330764637 330764639
331107624: 37.8037969 -107.6743977 755.083 1826005507 330098706 330098681 330098680 330098653 330098641
330764554: 37.8114601 -107.6685208 1111.565 1826005507 330098706 330098681 330098683 330098685 330764521 330764526 330764543 330764542 330764557 330764556
331058144: 37.8181867 -107.6574714 2093.2429999999995 1826005507 330098706 330098681 330098683 330098685 330764521 330764526 330764543 330764549 330764561 330764575 330764587 330764594 330764609 330764618 330764623 330764638 331058125
330098706: 37.8046661 -107.6682955 63.21 1826005507
330764588: 37.8119708 -107.6627674 1269.5210000000002 1826005507 330098706 330098681 330098683 330098685 330764521 330764524 330764530 330764547 330764550 330764571 330764576
330764622: 37.8131405 -107.6580789 1865.6510000000003 1826005507 330098706 330098681 330098683 330098685 330764521 330764524 330764530 330764547 330764550 330764571 330764576 330764588 330764602 330764599 330764614 330764613 330764621
330764546: 37.8080865 -107.6649695 885.282 1826005507 330098706 330098681 330098683 330098685 330764521 330764524 330764530
330764562: 37.8113224 -107.666021 1040.8760000000002 1826005507 330098706 330098681 330098683 330098685 330764521 330764526 330764543 330764542 330764557
330764632: 37.8140283 -107.6572931 1983.0870000000004 1826005507 330098706 330098681 330098683 330098685 330764521 330764524 330764530 330764547 330764550 330764571 330764576 330764588 330764602 330764599 330764614 330764613 330764621 330764631
330764570: 37.8097882 -107.6634165 1118.568 1826005507 330098706 330098681 330098683 330098685 330764521 330764524 330764530 330764546 330764551
330764618: 37.8150602 -107.6612439 1531.7459999999999 1826005507 330098706 330098681 330098683 330098685 330764521 330764526 330764543 330764549 330764561 330764575 330764587 330764594 330764609
330098732: 37.8062937 -107.6707095 566.005 1826005507 330098706 330098681 330098683 330098685 330098741
330764602: 37.8128099 -107.6619172 1389.0360000000003 1826005507 330098706 330098681 330098683 330098685 330764521 330764524 330764530 330764547 330764550 330764571 330764576 330764588
330764566: 37.8118076 -107.6668819 1131.025 1826005507 330098706 330098681 330098683 330098685 330764521 330764526 330764543 330764542 330764557 330764556
330764550: 37.809447 -107.6650527 924.469 1826005507 330098706 330098681 330098683 330098685 330764521 330764524 330764530 330764547
330764574: 37.8121361 -107.6652485 1153.333 1826005507 330098706 330098681 330098683 330098685 330764521 330764526 330764543 330764549 330764561 330764575
330764572: 37.812651 -107.6661068 1246.919 1826005507 330098706 330098681 330098683 330098685 330764521 330764526 330764543 330764542 330764557 330764556 330764566
330764530: 37.807756 -107.666603 692.264 1826005507 330098706 330098681 330098683 330098685 330764521 330764524
330764638: 37.8166855 -107.6597526 1754.9939999999997 1826005507 330098706 330098681 330098683 330098685 330764521 330764526 330764543 330764549 330764561 330764575 330764587 330764594 330764609 330764618 330764623
330764552: 37.8084351 -107.663328 1084.147 1826005507 330098706 330098681 330098683 330098685 330764521 330764524 330764530 330764546
330764584: 37.8137179 -107.6657607 1406.1270000000002 1826005507 330098706 330098681 330098683 330098685 330764521 330764526 330764543 330764542 330764557 330764556 330764566 330764572 330764585
330764524: 37.8069358 -107.667405 577.016 1826005507 330098706 330098681 330098683 330098685 330764521
330764576: 37.8111359 -107.6635211 1155.4920000000002 1826005507 330098706 330098681 330098683 330098685 330764521 330764524 330764530 330764547 330764550 330764571
3042563270: 37.8101077 -107.6617323 1322.5240000000001 1826005507 330098706 330098681 330098683 330098685 330764521 330764524 330764530 330764546 330764552 330764569 330764577
330764606: 37.8151535 -107.6638215 1589.652 1826005507 330098706 330098681 330098683 330098685 330764521 330764526 330764543 330764549 330764561 330764575 330764574 330764586 330764593 330764592
330764592: 37.8143313 -107.6645672 1477.183 1826005507 330098706 330098681 330098683 330098685 330764521 330764526 330764543 330764549 330764561 330764575 330764574 330764586 330764593
330764594: 37.8133163 -107.6628318 1292.866 1826005507 330098706 330098681 330098683 330098685 330764521 330764526 330764543 330764549 330764561 330764575 330764587
331058146: 37.8181665 -107.6566922 2161.7249999999995 1826005507 330098706 330098681 330098683 330098685 330764521 330764526 330764543 330764549 330764561 330764575 330764587 330764594 330764609 330764618 330764623 330764638 331058125 331058144
1826005504: 37.8111838 -107.6687122 1147.0510000000002 1826005507 330098706 330098681 330098683 330098685 330764521 330764526 330764543 330764542 330764557 330764556 330764554
330098752: 37.8067716 -107.6714618 643.4449999999999 1826005507 330098706 330098681 330098683 330098685 330098741
330764604: 37.8155688 -107.6643634 1656.733 1826005507 330098706 330098681 330098683 330098685 330764521 330764526 330764543 330764549 330764561 330764575 330764574 330764586 330764593 330764592 330764606
330764644: 37.8160286 -107.656314 2043.8599999999997 1826005507 330098706 330098681 330098683 330098685 330764521 330764526 330764543 330764549 330764561 330764575 330764587 330764594 330764609 330764618 330764623 330764636 330764637 330764639 330764643
330764608: 37.8146809 -107.6629016 1502.098 1826005507 330098706 330098681 330098683 330098685 330764521 330764526 330764543 330764549 330764561 330764575 330764587 330764594 330764609
330764620: 37.8139881 -107.6594951 1711.5120000000002 1826005507 330098706 330098681 330098683 330098685 330764521 330764524 330764530 330764547 330764550 330764571 330764576 330764588 330764602 330764599 330764614
330764636: 37.8155794 -107.6604956 1628.2409999999998 1826005507 330098706 330098681 330098683 330098685 330764521 330764526 330764543 330764549 330764561 330764575 330764587 330764594 330764609 330764618 330764623
330764586: 37.8129837 -107.6644867 1268.924 1826005507 330098706 330098681 330098683 330098685 330764521 330764526 330764543 330764549 330764561 330764575 330764574
330764612: 37.8122441 -107.6587736 1760.4130000000002 1826005507 330098706 330098681 330098683 330098685 330764521 330764524 330764530 330764547 330764550 330764571 330764576 330764588 330764602 330764599 330764614 330764613
330764556: 37.810977 -107.6676383 1017.2470000000001 1826005507 330098706 330098681 330098683 330098685 330764521 330764526 330764543 330764542 330764557
330098680: 37.8055774 -107.6699879 263.784 1826005507 330098706 330098681
330764598: 37.8117991 -107.6601952 1577.5080000000003 1826005507 330098706 330098681 330098683 330098685 330764521 330764524 330764530 330764547 330764550 330764571 330764576 330764588 330764602 330764599
1356606892: 37.8055113 -107.6712321 397.433 1826005507 330098706 330098681 330098680 330098694 330098669
330098694: 37.8056156 -107.6703259 294.246 1826005507 330098706 330098681 330098680
2084019368: 37.8114968 -107.6570223 1886.4390000000003 1826005507 330098706 330098681 330098683 330098685 330764521 330764524 330764530 330764547 330764550 330764571 330764576 330764588 330764602 330764599 330764598
330764526: 37.8082709 -107.6675015 597.83 1826005507 330098706 330098681 330098683 330098685 330764521
330764542: 37.8096228 -107.6675632 808.3430000000001 1826005507 330098706 330098681 330098683 330098685 330764521 330764526 330764543
330764520: 37.8079382 -107.6691538 579.831 1826005507 330098706 330098681 330098683 330098685 330764521
330764614: 37.8131426 -107.6602623 1595.8360000000002 1826005507 330098706 330098681 330098683 330098685 330764521 330764524 330764530 330764547 330764550 330764571 330764576 330764588 330764602 330764599
330764634: 37.8153336 -107.6596936 1714.9679999999996 1826005507 330098706 330098681 330098683 330098685 330764521 330764526 330764543 330764549 330764561 330764575 330764587 330764594 330764609 330764618 330764623 330764636 330764635
330764626: 37.8187672 -107.6622713 2039.397 1826005507 330098706 330098681 330098683 330098685 330764521 330764526 330764543 330764549 330764561 330764575 330764587 330764594 330764609 330764608 330764615
330098653: 37.8044754 -107.6709965 415.003 1826005507 330098706 330098681 330098680
330764587: 37.8124751 -107.6636123 1176.891 1826005507 330098706 330098681 330098683 330098685 330764521 330764526 330764543 330764549 330764561 330764575
3042563877: 37.8088158 -107.6617505 1286.57 1826005507 330098706 330098681 330098683 330098685 330764521 330764524 330764530 330764546 330764552 330764569
330764639: 37.8159925 -107.6585 1814.3049999999998 1826005507 330098706 330098681 330098683 330098685 330764521 330764526 330764543 330764549 330764561 330764575 330764587 330764594 330764609 330764618 330764623 330764636 330764637
330764619: 37.8145559 -107.6603964 1624.9489999999998 1826005507 330098706 330098681 330098683 330098685 330764521 330764526 330764543 330764549 330764561 330764575 330764587 330764594 330764609 330764618
330764547: 37.8085993 -107.6658037 809.413 1826005507 330098706 330098681 330098683 330098685 330764521 330764524 330764530
330764573: 37.812812 -107.6663857 1277.2630000000001 1826005507 330098706 330098681 330098683 330098685 330764521 330764526 330764543 330764542 330764557 330764556 330764566 330764572
330764569: 37.8092732 -107.6625555 1199.46 1826005507 330098706 330098681 330098683 330098685 330764521 330764524 330764530 330764546 330764552
330764643: 37.8165647 -107.6571214 1951.2119999999998 1826005507 330098706 330098681 330098683 330098685 330764521 330764526 330764543 330764549 330764561 330764575 330764587 330764594 330764609 330764618 330764623 330764636 330764637 330764639
330098681: 37.8057088 -107.6698619 245.453 1826005507 330098706
330098741: 37.8070608 -107.6699879 459.729 1826005507 330098706 330098681 330098683 330098685
330764543: 37.8091249 -107.666713 715.3710000000001 1826005507 330098706 330098681 330098683 330098685 330764521 330764526
2042183279: 37.8058594 -107.6657771 765.8449999999999 1826005507 330098706 330098681 330098683 330098685 330764521 330764524
331058125: 37.8180967 -107.6583566 2014.8339999999996 1826005507 330098706 330098681 330098683 330098685 330764521 330764526 330764543 330764549 330764561 330764575 330764587 330764594 330764609 330764618 330764623 330764638
330098685: 37.8065591 -107.6690796 362.342 1826005507 330098706 330098681 330098683
330764551: 37.808932 -107.6641836 1001.926 1826005507 330098706 330098681 330098683 330098685 330764521 330764524 330764530 330764546
330764599: 37.8123267 -107.6610804 1480.0960000000002 1826005507 330098706 330098681 330098683 330098685 330764521 330764524 330764530 330764547 330764550 330764571 330764576 330764588 330764602
330764521: 37.8074359 -107.6682606 483.514 1826005507 330098706 330098681 330098683 330098685
330764609: 37.814166 -107.6620647 1408.917 1826005507 330098706 330098681 330098683 330098685 330764521 330764526 330764543 330764549 330764561 330764575 330764587 330764594
330764641: 37.8151704 -107.6571294 1965.5149999999999 1826005507 330098706 330098681 330098683 330098685 330764521 330764526 330764543 330764549 330764561 330764575 330764587 330764594 330764609 330764618 330764623 330764636 330764637 330764639 330764640
330764557: 37.8104726 -107.6667961 924.4050000000001 1826005507 330098706 330098681 330098683 330098685 330764521 330764526 330764543 330764542
330764621: 37.8134541 -107.6586234 1806.4580000000003 1826005507 330098706 330098681 330098683 330098685 330764521 330764524 330764530 330764547 330764550 330764571 330764576 330764588 330764602 330764599 330764614 330764613
330764519: 37.8084171 -107.6699987 671.184 1826005507 330098706 330098681 330098683 330098685 330764521 330764520
330764607: 37.8151958 -107.6637813 1595.534 1826005507 330098706 330098681 330098683 330098685 330764521 330764526 330764543 330764549 330764561 330764575 330764574 330764586 330764593 330764592 330764606
330764633: 37.8148398 -107.6587307 1815.8109999999997 1826005507 330098706 330098681 330098683 330098685 330764521 330764526 330764543 330764549 330764561 330764575 330764587 330764594 330764609 330764618 330764623 330764636 330764635 330764634
330098683: 37.8058212 -107.6697573 260.966 1826005507 330098706 330098681
330764623: 37.8156111 -107.6607156 1608.5969999999998 1826005507 330098706 330098681 330098683 330098685 330764521 330764526 330764543 330764549 330764561 330764575 330764587 330764594 330764609 330764618
330098703: 37.8031064 -107.6695588 271.805 1826005507 330098706
330764591: 37.8146344 -107.6650835 1533.722 1826005507 330098706 330098681 330098683 330098685 330764521 330764526 330764543 330764549 330764561 330764575 330764574 330764586 330764593 330764592
330764603: 37.8110377 -107.6608244 1678.6180000000002 1826005507 330098706 330098681 330098683 330098685 330764521 330764524 330764530 330764547 330764550 330764571 330764576 330764588 330764602 330764599 330764598
2042183459: 37.8059188 -107.6700764 635.56 1826005507 330098706 330098681 330098683 330098685 330098741 330098732
330764631: 37.8143249 -107.6578188 1926.3390000000004 1826005507 330098706 330098681 330098683 330098685 330764521 330764524 330764530 330764547 330764550 330764571 330764576 330764588 330764602 330764599 330764614 330764613 330764621
330764585: 37.813488 -107.665345 1361.5510000000002 1826005507 330098706 330098681 330098683 330098685 330764521 330764526 330764543 330764542 330764557 330764556 330764566 330764572
330764549: 37.8099492 -107.6659351 829.7010000000001 1826005507 330098706 330098681 330098683 330098685 330764521 330764526 330764543
330098641: 37.8040903 -107.6714193 471.746 1826005507 330098706 330098681 330098680 330098653
330764575: 37.8116381 -107.6644036 1060.727 1826005507 330098706 330098681 330098683 330098685 330764521 330764526 330764543 330764549 330764561
330764525: 37.8087682 -107.6683713 692.152 1826005507 330098706 330098681 330098683 330098685 330764521 330764526
330764637: 37.8156027 -107.6594844 1717.5779999999997 1826005507 330098706 330098681 330098683 330098685 330764521 330764526 330764543 330764549 330764561 330764575 330764587 330764594 330764609 330764618 330764623 330764636
330764615: 37.8161048 -107.6629069 1711.5739999999998 1826005507 330098706 330098681 330098683 330098685 330764521 330764526 330764543 330764549 330764561 330764575 330764587 330764594 330764609 330764608
330764635: 37.8152361 -107.6597821 1701.6269999999997 1826005507 330098706 330098681 330098683 330098685 330764521 330764526 330764543 330764549 330764561 330764575 330764587 330764594 330764609 330764618 330764623 330764636
330764561: 37.8108096 -107.6651412 948.0960000000001 1826005507 330098706 330098681 330098683 330098685 330764521 330764526 330764543 330764549
330764593: 37.8138228 -107.6637223 1383.879 1826005507 330098706 330098681 330098683 330098685 330764521 330764526 330764543 330764549 330764561 330764575 330764574 330764586
330764613: 37.8126213 -107.6593879 1692.0660000000003 1826005507 330098706 330098681 330098683 330098685 330764521 330764524 330764530 330764547 330764550 330764571 330764576 330764588 330764602 330764599 330764614
330764571: 37.8102946 -107.6642856 1040.332 1826005507 330098706 330098681 330098683 330098685 330764521 330764524 330764530 330764547 330764550
330764581: 37.8106342 -107.6626378 1234.903 1826005507 330098706 330098681 330098683 330098685 330764521 330764524 330764530 330764546 330764551 330764570
330098669: 37.8056042 -107.6713351 383.7 1826005507 330098706 330098681 330098680 330098694
1826005507: 37.8043293 -107.6677159 0.0 
330764577: 37.8101346 -107.6617791 1317.44 1826005507 330098706 330098681 330098683 330098685 330764521 330764524 330764530 330764546 330764552 330764569
