1826005506: 37.8125684 -107.6687888 803.5150000000001 330764519 330764520 330764525 330764542 330764557 330764556 330764554
330764640: 37.8156472 -107.6578912 1582.702 330764519 330764520 330764525 330764542 330764557 330764562 330764574 330764575 330764587 330764594 330764609 330764618 330764623 330764636 330764637 330764639
331107624: 37.8037969 -107.6743977 935.3609999999999 330764519 330764520 330764521 330098685 330098683 330098681 330098680 330098653 330098641
330764554: 37.8114601 -107.6685208 628.272 330764519 330764520 330764525 330764542 330764557 330764556
331058144: 37.8181867 -107.6574714 1795.8059999999996 330764519 330764520 330764525 330764542 330764557 330764562 330764574 330764575 330764587 330764594 330764609 330764618 330764623 330764638 331058125
330098706: 37.8046661 -107.6682955 607.9739999999999 330764519 330764520 330764521 330098685 330098683 330098681
330764588: 37.8119708 -107.6627674 972.4770000000001 330764519 330764520 330764525 330764542 330764557 330764562 330764574 330764575 330764587
330764622: 37.8131405 -107.6580789 1568.6070000000002 330764519 330764520 330764525 330764542 330764557 330764562 330764574 330764575 330764587 330764588 330764602 330764599 330764614 330764613 330764621
330764546: 37.8080865 -107.6649695 589.438 330764519 330764520 330764521 330764524 330764530
330764562: 37.8113224 -107.666021 557.5830000000001 330764519 330764520 330764525 330764542 330764557
330764632: 37.8140283 -107.6572931 1686.0430000000003 330764519 330764520 330764525 330764542 330764557 330764562 330764574 330764575 330764587 330764588 330764602 330764599 330764614 330764613 330764621 330764631
330764570: 37.8097882 -107.6634165 822.7239999999999 330764519 330764520 330764521 330764524 330764530 330764546 330764551
330764618: 37.8150602 -107.6612439 1234.309 330764519 330764520 330764525 330764542 330764557 330764562 330764574 330764575 330764587 330764594 330764609
330098732: 37.8062937 -107.6707095 319.646 330764519 330764520 330098741
330764602: 37.8128099 -107.6619172 1091.9920000000002 330764519 330764520 330764525 330764542 330764557 330764562 330764574 330764575 330764587 330764588
330764566: 37.8118076 -107.6668819 647.7320000000001 330764519 330764520 330764525 330764542 330764557 330764556
330764550: 37.809447 -107.6650527 627.8900000000001 330764519 330764520 330764525 330764542 330764543 330764549
330764574: 37.8121361 -107.6652485 670.6840000000001 330764519 330764520 330764525 330764542 330764557 330764562
330764572: 37.812651 -107.6661068 763.6260000000001 330764519 330764520 330764525 330764542 330764557 330764556 330764566
330764530: 37.807756 -107.666603 396.42 330764519 330764520 330764521 330764524
330764638: 37.8166855 -107.6597526 1457.5569999999998 330764519 330764520 330764525 330764542 330764557 330764562 330764574 330764575 330764587 330764594 330764609 330764618 330764623
330764552: 37.8084351 -107.663328 788.303 330764519 330764520 330764521 330764524 330764530 330764546
330764584: 37.8137179 -107.6657607 922.8340000000001 330764519 330764520 330764525 330764542 330764557 330764556 330764566 330764572 330764585
330764524: 37.8069358 -107.667405 281.172 330764519 330764520 330764521
330764576: 37.8111359 -107.6635211 858.8330000000001 330764519 330764520 330764525 330764542 330764557 330764562 330764574 330764575
3042563270: 37.8101077 -107.6617323 1026.68 330764519 330764520 330764521 330764524 330764530 330764546 330764552 330764569 330764577
330764606: 37.8151535 -107.6638215 1106.75 330764519 330764520 330764525 330764542 330764557 330764556 330764566 330764572 330764585 330764592
330764592: 37.8143313 -107.6645672 994.2810000000001 330764519 330764520 330764525 330764542 330764557 330764556 330764566 330764572 330764585
330764594: 37.8133163 -107.6628318 995.4290000000001 330764519 330764520 330764525 330764542 330764557 330764562 330764574 330764575 330764587
331058146: 37.8181665 -107.6566922 1864.2879999999996 330764519 330764520 330764525 330764542 330764557 330764562 330764574 330764575 330764587 330764594 330764609 330764618 330764623 330764638 331058125 331058144
1826005504: 37.8111838 -107.6687122 663.758 330764519 330764520 330764525 330764542 330764557 330764556 330764554
330098752: 37.8067716 -107.6714618 397.086 330764519 330764520 330098741
330764604: 37.8155688 -107.6643634 1173.831 330764519 330764520 330764525 330764542 330764557 330764556 330764566 330764572 330764585 330764592 330764606
330764644: 37.8160286 -107.656314 1746.4229999999998 330764519 330764520 330764525 330764542 330764557 330764562 330764574 330764575 330764587 330764594 330764609 330764618 330764623 330764636 330764637 330764639 330764643
330764608: 37.8146809 -107.6629016 1020.8200000000002 330764519 330764520 330764525 330764542 330764557 330764562 330764574 330764586 330764593
330764620: 37.8139881 -107.6594951 1414.468 330764519 330764520 330764525 330764542 330764557 330764562 330764574 330764575 330764587 330764588 330764602 330764599 330764614
330764636: 37.8155794 -107.6604956 1330.8039999999999 330764519 330764520 330764525 330764542 330764557 330764562 330764574 330764575 330764587 330764594 330764609 330764618 330764623
330764586: 37.8129837 -107.6644867 786.2750000000001 330764519 330764520 330764525 330764542 330764557 330764562 330764574
330764612: 37.8122441 -107.6587736 1463.3690000000001 330764519 330764520 330764525 330764542 330764557 330764562 330764574 330764575 330764587 330764588 330764602 330764599 330764614 330764613
330764556: 37.810977 -107.6676383 533.9540000000001 330764519 330764520 330764525 330764542 330764557
330098680: 37.8055774 -107.6699879 444.06199999999995 330764519 330764520 330764521 330098685 330098683 330098681
330764598: 37.8117991 -107.6601952 1280.4640000000002 330764519 330764520 330764525 330764542 330764557 330764562 330764574 330764575 330764587 330764588 330764602 330764599
1356606892: 37.8055113 -107.6712321 568.3419999999999 330764519 330764520 330764521 330098685 330098683 330098694 330098669
330098694: 37.8056156 -107.6703259 465.155 330764519 330764520 330764521 330098685 330098683
2084019368: 37.8114968 -107.6570223 1589.3950000000002 330764519 330764520 330764525 330764542 330764557 330764562 330764574 330764575 330764587 330764588 330764602 330764599 330764598
330764526: 37.8082709 -107.6675015 300.755 330764519 330764520 330764525
330764542: 37.8096228 -107.6675632 325.05 330764519 330764520 330764525
330764520: 37.8079382 -107.6691538 91.35300000000001 330764519
330764614: 37.8131426 -107.6602623 1298.7920000000001 330764519 330764520 330764525 330764542 330764557 330764562 330764574 330764575 330764587 330764588 330764602 330764599
330764634: 37.8153336 -107.6596936 1417.5309999999997 330764519 330764520 330764525 330764542 330764557 330764562 330764574 330764575 330764587 330764594 330764609 330764618 330764623 330764636 330764635
330764626: 37.8187672 -107.6622713 1558.1190000000001 330764519 330764520 330764525 330764542 330764557 330764562 330764574 330764586 330764593 330764608 330764615
330098653: 37.8044754 -107.6709965 595.281 330764519 330764520 330764521 330098685 330098683 330098681 330098680
330764587: 37.8124751 -107.6636123 879.4540000000001 330764519 330764520 330764525 330764542 330764557 330764562 330764574 330764575
3042563877: 37.8088158 -107.6617505 990.726 330764519 330764520 330764521 330764524 330764530 330764546 330764552 330764569
330764639: 37.8159925 -107.6585 1516.868 330764519 330764520 330764525 330764542 330764557 330764562 330764574 330764575 330764587 330764594 330764609 330764618 330764623 330764636 330764637
330764619: 37.8145559 -107.6603964 1327.512 330764519 330764520 330764525 330764542 330764557 330764562 330764574 330764575 330764587 330764594 330764609 330764618
330764547: 37.8085993 -107.6658037 513.569 330764519 330764520 330764521 330764524 330764530
330764573: 37.812812 -107.6663857 793.9700000000001 330764519 330764520 330764525 330764542 330764557 330764556 330764566 330764572
330764569: 37.8092732 -107.6625555 903.616 330764519 330764520 330764521 330764524 330764530 330764546 330764552
330764643: 37.8165647 -107.6571214 1653.7749999999999 330764519 330764520 330764525 330764542 330764557 330764562 330764574 330764575 330764587 330764594 330764609 330764618 330764623 330764636 330764637 330764639
330098681: 37.8057088 -107.6698619 425.73099999999994 330764519 330764520 330764521 330098685 330098683
330098741: 37.8070608 -107.6699879 213.37 330764519 330764520
330764543: 37.8091249 -107.666713 418.02200000000005 330764519 330764520 330764525 330764542
2042183279: 37.8058594 -107.6657771 470.001 330764519 330764520 330764521 330764524
331058125: 37.8180967 -107.6583566 1717.3969999999997 330764519 330764520 330764525 330764542 330764557 330764562 330764574 330764575 330764587 330764594 330764609 330764618 330764623 330764638
330098685: 37.8065591 -107.6690796 308.842 330764519 330764520 330764521
330764551: 37.808932 -107.6641836 706.082 330764519 330764520 330764521 330764524 330764530 330764546
330764599: 37.8123267 -107.6610804 1183.0520000000001 330764519 330764520 330764525 330764542 330764557 330764562 330764574 330764575 330764587 330764588 330764602
330764521: 37.8074359 -107.6682606 187.67000000000002 330764519 330764520
330764609: 37.814166 -107.6620647 1111.48 330764519 330764520 330764525 330764542 330764557 330764562 330764574 330764575 330764587 330764594
330764641: 37.8151704 -107.6571294 1668.078 330764519 330764520 330764525 330764542 330764557 330764562 330764574 330764575 330764587 330764594 330764609 330764618 330764623 330764636 330764637 330764639 330764640
330764557: 37.8104726 -107.6667961 441.112 330764519 330764520 330764525 330764542
330764621: 37.8134541 -107.6586234 1509.4140000000002 330764519 330764520 330764525 330764542 330764557 330764562 330764574 330764575 330764587 330764588 330764602 330764599 330764614 330764613
330764519: 37.8084171 -107.6699987 0.0 
330764607: 37.8151958 -107.6637813 1112.632 330764519 330764520 330764525 330764542 330764557 330764556 330764566 330764572 330764585 330764592 330764606
330764633: 37.8148398 -107.6587307 1518.3739999999998 330764519 330764520 330764525 330764542 330764557 330764562 330764574 330764575 330764587 330764594 330764609 330764618 330764623 330764636 330764635 330764634
330098683: 37.8058212 -107.6697573 410.21799999999996 330764519 330764520 330764521 330098685
330764623: 37.8156111 -107.6607156 1311.1599999999999 330764519 330764520 330764525 330764542 330764557 330764562 330764574 330764575 330764587 330764594 330764609 330764618
330098703: 37.8031064 -107.6695588 816.569 330764519 330764520 330764521 330098685 330098683 330098681 330098706
330764591: 37.8146344 -107.6650835 1050.8200000000002 330764519 330764520 330764525 330764542 330764557 330764556 330764566 330764572 330764585 330764592
330764603: 37.8110377 -107.6608244 1381.574 330764519 330764520 330764525 330764542 330764557 330764562 330764574 330764575 330764587 330764588 330764602 330764599 330764598
2042183459: 37.8059188 -107.6700764 389.201 330764519 330764520 330098741 330098732
330764631: 37.8143249 -107.6578188 1629.2950000000003 330764519 330764520 330764525 330764542 330764557 330764562 330764574 330764575 330764587 330764588 330764602 330764599 330764614 330764613 330764621
330764585: 37.813488 -107.665345 878.258 330764519 330764520 330764525 330764542 330764557 330764556 330764566 330764572
330764549: 37.8099492 -107.6659351 532.3520000000001 330764519 330764520 330764525 330764542 330764543
330098641: 37.8040903 -107.6714193 652.0239999999999 330764519 330764520 330764521 330098685 330098683 330098681 330098680 330098653
330764575: 37.8116381 -107.6644036 763.2900000000001 330764519 330764520 330764525 330764542 330764557 330764562 330764574
330764525: 37.8087682 -107.6683713 206.433 330764519 330764520
330764637: 37.8156027 -107.6594844 1420.1409999999998 330764519 330764520 330764525 330764542 330764557 330764562 330764574 330764575 330764587 330764594 330764609 330764618 330764623 330764636
330764615: 37.8161048 -107.6629069 1230.296 330764519 330764520 330764525 330764542 330764557 330764562 330764574 330764586 330764593 330764608
330764635: 37.8152361 -107.6597821 1404.1899999999998 330764519 330764520 330764525 330764542 330764557 330764562 330764574 330764575 330764587 330764594 330764609 330764618 330764623 330764636
330764561: 37.8108096 -107.6651412 650.7470000000001 330764519 330764520 330764525 330764542 330764543 330764549
330764593: 37.8138228 -107.6637223 901.2300000000001 330764519 330764520 330764525 330764542 330764557 330764562 330764574 330764586
330764613: 37.8126213 -107.6593879 1395.0220000000002 330764519 330764520 330764525 330764542 330764557 330764562 330764574 330764575 330764587 330764588 330764602 330764599 330764614
330764571: 37.8102946 -107.6642856 743.7530000000002 330764519 330764520 330764525 330764542 330764543 330764549 330764550
330764581: 37.8106342 -107.6626378 939.059 330764519 330764520 330764521 330764524 330764530 330764546 330764551 330764570
330098669: 37.8056042 -107.6713351 554.6089999999999 330764519 330764520 330764521 330098685 330098683 330098694
1826005507: 37.8043293 -107.6677159 671.184 330764519 330764520 330764521 330098685 330098683 330098681 330098706
330764577: 37.8101346 -107.6617791 1021.596 330764519 330764520 330764521 330764524 330764530 330764546 330764552 330764569
