1826005506: 37.8125684 -107.6687888 725.2349999999999 330764592 330764585 330764572 330764566 330764554
330764640: 37.8156472 -107.6578912 776.9679999999998 330764592 330764593 330764594 330764609 330764618 330764623 330764636 330764637 330764639
331107624: 37.8037969 -107.6743977 1741.36 330764592 330764593 330764586 330764574 330764575 330764561 330764549 330764543 330764526 330764521 330098685 330098683 330098681 330098680 330098653 330098641
330764554: 37.8114601 -107.6685208 549.992 330764592 330764585 330764572 330764566
331058144: 37.8181867 -107.6574714 990.072 330764592 330764593 330764594 330764609 330764618 330764623 330764638 331058125
330098706: 37.8046661 -107.6682955 1413.973 330764592 330764593 330764586 330764574 330764575 330764561 330764549 330764543 330764526 330764521 330098685 330098683 330098681
330764588: 37.8119708 -107.6627674 396.668 330764592 330764593 330764586 330764587
330764622: 37.8131405 -107.6580789 764.421 330764592 330764593 330764594 330764602 330764599 330764614 330764613 330764621
330764546: 37.8080865 -107.6649695 945.425 330764592 330764593 330764586 330764587 330764588 330764581 330764570 330764551
330764562: 37.8113224 -107.666021 436.951 330764592 330764593 330764586 330764574
330764632: 37.8140283 -107.6572931 881.8570000000001 330764592 330764593 330764594 330764602 330764599 330764614 330764613 330764621 330764631
330764570: 37.8097882 -107.6634165 712.139 330764592 330764593 330764586 330764587 330764588 330764581
330764618: 37.8150602 -107.6612439 428.575 330764592 330764593 330764594 330764609
330098732: 37.8062937 -107.6707095 1131.221 330764592 330764585 330764572 330764566 330764556 330764557 330764542 330764525 330764520 330098741
330764602: 37.8128099 -107.6619172 287.806 330764592 330764593 330764594
330764566: 37.8118076 -107.6668819 346.549 330764592 330764585 330764572
330764550: 37.809447 -107.6650527 739.442 330764592 330764593 330764586 330764574 330764575 330764561 330764571
330764574: 37.8121361 -107.6652485 323.85 330764592 330764593 330764586
330764572: 37.812651 -107.6661068 230.655 330764592 330764585
330764530: 37.807756 -107.666603 971.647 330764592 330764593 330764586 330764574 330764575 330764561 330764571 330764550 330764547
330764638: 37.8166855 -107.6597526 651.823 330764592 330764593 330764594 330764609 330764618 330764623
330764552: 37.8084351 -107.663328 922.078 330764592 330764593 330764586 330764587 330764588 330764581 330764570 330764551
330764584: 37.8137179 -107.6657607 160.599 330764592 330764585
330764524: 37.8069358 -107.667405 1086.895 330764592 330764593 330764586 330764574 330764575 330764561 330764571 330764550 330764547 330764530
330764576: 37.8111359 -107.6635211 510.697 330764592 330764593 330764586 330764587 330764588
3042563270: 37.8101077 -107.6617323 694.5719999999999 330764592 330764593 330764586 330764587 330764588 330764581 330764577
330764606: 37.8151535 -107.6638215 112.469 330764592
330764592: 37.8143313 -107.6645672 0.0 
330764594: 37.8133163 -107.6628318 189.695 330764592 330764593
331058146: 37.8181665 -107.6566922 1058.554 330764592 330764593 330764594 330764609 330764618 330764623 330764638 331058125 331058144
1826005504: 37.8111838 -107.6687122 585.478 330764592 330764585 330764572 330764566 330764554
330098752: 37.8067716 -107.6714618 1208.661 330764592 330764585 330764572 330764566 330764556 330764557 330764542 330764525 330764520 330098741
330764604: 37.8155688 -107.6643634 179.55 330764592 330764606
330764644: 37.8160286 -107.656314 940.689 330764592 330764593 330764594 330764609 330764618 330764623 330764636 330764637 330764639 330764643
330764608: 37.8146809 -107.6629016 212.894 330764592 330764593
330764620: 37.8139881 -107.6594951 610.282 330764592 330764593 330764594 330764602 330764599 330764614
330764636: 37.8155794 -107.6604956 525.0699999999999 330764592 330764593 330764594 330764609 330764618 330764623
330764586: 37.8129837 -107.6644867 208.25900000000001 330764592 330764593
330764612: 37.8122441 -107.6587736 659.183 330764592 330764593 330764594 330764602 330764599 330764614 330764613
330764556: 37.810977 -107.6676383 460.327 330764592 330764585 330764572 330764566
330098680: 37.8055774 -107.6699879 1250.061 330764592 330764593 330764586 330764574 330764575 330764561 330764549 330764543 330764526 330764521 330098685 330098683 330098681
330764598: 37.8117991 -107.6601952 476.278 330764592 330764593 330764594 330764602 330764599
1356606892: 37.8055113 -107.6712321 1374.341 330764592 330764593 330764586 330764574 330764575 330764561 330764549 330764543 330764526 330764521 330098685 330098683 330098694 330098669
330098694: 37.8056156 -107.6703259 1271.154 330764592 330764593 330764586 330764574 330764575 330764561 330764549 330764543 330764526 330764521 330098685 330098683
2084019368: 37.8114968 -107.6570223 785.2090000000001 330764592 330764593 330764594 330764602 330764599 330764598
330764526: 37.8082709 -107.6675015 879.3530000000001 330764592 330764593 330764586 330764574 330764575 330764561 330764549 330764543
330764542: 37.8096228 -107.6675632 669.231 330764592 330764585 330764572 330764566 330764556 330764557
330764520: 37.8079382 -107.6691538 902.928 330764592 330764585 330764572 330764566 330764556 330764557 330764542 330764525
330764614: 37.8131426 -107.6602623 494.606 330764592 330764593 330764594 330764602 330764599
330764634: 37.8153336 -107.6596936 611.7969999999999 330764592 330764593 330764594 330764609 330764618 330764623 330764636 330764635
330764626: 37.8187672 -107.6622713 573.123 330764592 330764606 330764607 330764615
330098653: 37.8044754 -107.6709965 1401.28 330764592 330764593 330764586 330764574 330764575 330764561 330764549 330764543 330764526 330764521 330098685 330098683 330098681 330098680
330764587: 37.8124751 -107.6636123 303.645 330764592 330764593 330764586
3042563877: 37.8088158 -107.6617505 894.12 330764592 330764593 330764586 330764587 330764588 330764581 330764570 330764569
330764639: 37.8159925 -107.6585 711.1339999999999 330764592 330764593 330764594 330764609 330764618 330764623 330764636 330764637
330764619: 37.8145559 -107.6603964 521.778 330764592 330764593 330764594 330764609 330764618
330764547: 37.8085993 -107.6658037 854.498 330764592 330764593 330764586 330764574 330764575 330764561 330764571 330764550
330764573: 37.812812 -107.6663857 260.999 330764592 330764585 330764572
330764569: 37.8092732 -107.6625555 807.01 330764592 330764593 330764586 330764587 330764588 330764581 330764570
330764643: 37.8165647 -107.6571214 848.0409999999999 330764592 330764593 330764594 330764609 330764618 330764623 330764636 330764637 330764639
330098681: 37.8057088 -107.6698619 1231.73 330764592 330764593 330764586 330764574 330764575 330764561 330764549 330764543 330764526 330764521 330098685 330098683
330098741: 37.8070608 -107.6699879 1024.945 330764592 330764585 330764572 330764566 330764556 330764557 330764542 330764525 330764520
330764543: 37.8091249 -107.666713 761.812 330764592 330764593 330764586 330764574 330764575 330764561 330764549
2042183279: 37.8058594 -107.6657771 1275.724 330764592 330764593 330764586 330764574 330764575 330764561 330764571 330764550 330764547 330764530 330764524
331058125: 37.8180967 -107.6583566 911.663 330764592 330764593 330764594 330764609 330764618 330764623 330764638
330098685: 37.8065591 -107.6690796 1114.8410000000001 330764592 330764593 330764586 330764574 330764575 330764561 330764549 330764543 330764526 330764521
330764551: 37.808932 -107.6641836 828.781 330764592 330764593 330764586 330764587 330764588 330764581 330764570
330764599: 37.8123267 -107.6610804 378.866 330764592 330764593 330764594 330764602
330764521: 37.8074359 -107.6682606 993.6690000000001 330764592 330764593 330764586 330764574 330764575 330764561 330764549 330764543 330764526
330764609: 37.814166 -107.6620647 305.746 330764592 330764593 330764594
330764641: 37.8151704 -107.6571294 862.3439999999998 330764592 330764593 330764594 330764609 330764618 330764623 330764636 330764637 330764639 330764640
330764557: 37.8104726 -107.6667961 553.169 330764592 330764585 330764572 330764566 330764556
330764621: 37.8134541 -107.6586234 705.2280000000001 330764592 330764593 330764594 330764602 330764599 330764614 330764613
330764519: 37.8084171 -107.6699987 994.281 330764592 330764585 330764572 330764566 330764556 330764557 330764542 330764525 330764520
330764607: 37.8151958 -107.6637813 118.351 330764592 330764606
330764633: 37.8148398 -107.6587307 712.6399999999999 330764592 330764593 330764594 330764609 330764618 330764623 330764636 330764635 330764634
330098683: 37.8058212 -107.6697573 1216.217 330764592 330764593 330764586 330764574 330764575 330764561 330764549 330764543 330764526 330764521 330098685
330764623: 37.8156111 -107.6607156 505.426 330764592 330764593 330764594 330764609 330764618
330098703: 37.8031064 -107.6695588 1622.568 330764592 330764593 330764586 330764574 330764575 330764561 330764549 330764543 330764526 330764521 330098685 330098683 330098681 330098706
330764591: 37.8146344 -107.6650835 56.539 330764592
330764603: 37.8110377 -107.6608244 577.388 330764592 330764593 330764594 330764602 330764599 330764598
2042183459: 37.8059188 -107.6700764 1200.776 330764592 330764585 330764572 330764566 330764556 330764557 330764542 330764525 330764520 330098741 330098732
330764631: 37.8143249 -107.6578188 825.109 330764592 330764593 330764594 330764602 330764599 330764614 330764613 330764621
330764585: 37.813488 -107.665345 116.023 330764592
330764549: 37.8099492 -107.6659351 647.482 330764592 330764593 330764586 330764574 330764575 330764561
330098641: 37.8040903 -107.6714193 1458.023 330764592 330764593 330764586 330764574 330764575 330764561 330764549 330764543 330764526 330764521 330098685 330098683 330098681 330098680 330098653
330764575: 37.8116381 -107.6644036 416.456 330764592 330764593 330764586 330764574
330764525: 37.8087682 -107.6683713 787.848 330764592 330764585 330764572 330764566 330764556 330764557 330764542
330764637: 37.8156027 -107.6594844 614.4069999999999 330764592 330764593 330764594 330764609 330764618 330764623 330764636
330764615: 37.8161048 -107.6629069 245.3 330764592 330764606 330764607
330764635: 37.8152361 -107.6597821 598.4559999999999 330764592 330764593 330764594 330764609 330764618 330764623 330764636
330764561: 37.8108096 -107.6651412 529.087 330764592 330764593 330764586 330764574 330764575
330764593: 37.8138228 -107.6637223 93.304 330764592
330764613: 37.8126213 -107.6593879 590.836 330764592 330764593 330764594 330764602 330764599 330764614
330764571: 37.8102946 -107.6642856 623.579 330764592 330764593 330764586 330764574 330764575 330764561
330764581: 37.8106342 -107.6626378 595.804 330764592 330764593 330764586 330764587 330764588
330098669: 37.8056042 -107.6713351 1360.608 330764592 330764593 330764586 330764574 330764575 330764561 330764549 330764543 330764526 330764521 330098685 330098683 330098694
1826005507: 37.8043293 -107.6677159 1477.183 330764592 330764593 330764586 330764574 330764575 330764561 330764549 330764543 330764526 330764521 330098685 330098683 330098681 330098706
330764577: 37.8101346 -107.6617791 689.4879999999999 330764592 330764593 330764586 330764587 330764588 330764581
