1826005506: 37.8125684 -107.6687888 567.6320000000001 330764561 330764562 330764566 330764554
330764640: 37.8156472 -107.6578912 932.0429999999999 330764561 330764575 330764587 330764594 330764609 330764618 330764623 330764636 330764637 330764639
331107624: 37.8037969 -107.6743977 1212.273 330764561 330764549 330764543 330764526 330764521 330098685 330098683 330098681 330098680 330098653 330098641
330764554: 37.8114601 -107.6685208 392.389 330764561 330764562 330764566
331058144: 37.8181867 -107.6574714 1145.147 330764561 330764575 330764587 330764594 330764609 330764618 330764623 330764638 331058125
330098706: 37.8046661 -107.6682955 884.886 330764561 330764549 330764543 330764526 330764521 330098685 330098683 330098681
330764588: 37.8119708 -107.6627674 321.818 330764561 330764575 330764587
330764622: 37.8131405 -107.6580789 917.9480000000001 330764561 330764575 330764587 330764588 330764602 330764599 330764614 330764613 330764621
330764546: 37.8080865 -107.6649695 418.267 330764561 330764571 330764550 330764547
330764562: 37.8113224 -107.666021 96.04599999999999 330764561
330764632: 37.8140283 -107.6572931 1035.384 330764561 330764575 330764587 330764588 330764602 330764599 330764614 330764613 330764621 330764631
330764570: 37.8097882 -107.6634165 189.35999999999999 330764561 330764571
330764618: 37.8150602 -107.6612439 583.65 330764561 330764575 330764587 330764594 330764609
330098732: 37.8062937 -107.6707095 787.687 330764561 330764549 330764543 330764542 330764525 330764520 330098741
330764602: 37.8128099 -107.6619172 441.33299999999997 330764561 330764575 330764587 330764588
330764566: 37.8118076 -107.6668819 188.946 330764561 330764562
330764550: 37.809447 -107.6650527 210.355 330764561 330764571
330764574: 37.8121361 -107.6652485 205.237 330764561 330764575
330764572: 37.812651 -107.6661068 299.911 330764561 330764575 330764574
330764530: 37.807756 -107.666603 442.56 330764561 330764571 330764550 330764547
330764638: 37.8166855 -107.6597526 806.8979999999999 330764561 330764575 330764587 330764594 330764609 330764618 330764623
330764552: 37.8084351 -107.663328 399.092 330764561 330764571 330764550 330764551
330764584: 37.8137179 -107.6657607 459.119 330764561 330764575 330764574 330764572 330764585
330764524: 37.8069358 -107.667405 557.808 330764561 330764571 330764550 330764547 330764530
330764576: 37.8111359 -107.6635211 208.17399999999998 330764561 330764575
3042563270: 37.8101077 -107.6617323 402.511 330764561 330764575 330764576 330764581 330764577
330764606: 37.8151535 -107.6638215 641.556 330764561 330764575 330764574 330764586 330764593 330764592
330764592: 37.8143313 -107.6645672 529.087 330764561 330764575 330764574 330764586 330764593
330764594: 37.8133163 -107.6628318 344.77 330764561 330764575 330764587
331058146: 37.8181665 -107.6566922 1213.629 330764561 330764575 330764587 330764594 330764609 330764618 330764623 330764638 331058125 331058144
1826005504: 37.8111838 -107.6687122 427.875 330764561 330764562 330764566 330764554
330098752: 37.8067716 -107.6714618 865.1270000000001 330764561 330764549 330764543 330764542 330764525 330764520 330098741
330764604: 37.8155688 -107.6643634 708.6370000000001 330764561 330764575 330764574 330764586 330764593 330764592 330764606
330764644: 37.8160286 -107.656314 1095.764 330764561 330764575 330764587 330764594 330764609 330764618 330764623 330764636 330764637 330764639 330764643
330764608: 37.8146809 -107.6629016 554.002 330764561 330764575 330764587 330764594 330764609
330764620: 37.8139881 -107.6594951 763.8090000000001 330764561 330764575 330764587 330764588 330764602 330764599 330764614
330764636: 37.8155794 -107.6604956 680.145 330764561 330764575 330764587 330764594 330764609 330764618 330764623
330764586: 37.8129837 -107.6644867 320.828 330764561 330764575 330764574
330764612: 37.8122441 -107.6587736 812.71 330764561 330764575 330764587 330764588 330764602 330764599 330764614 330764613
330764556: 37.810977 -107.6676383 302.724 330764561 330764562 330764566
330098680: 37.8055774 -107.6699879 720.974 330764561 330764549 330764543 330764526 330764521 330098685 330098683 330098681
330764598: 37.8117991 -107.6601952 629.8050000000001 330764561 330764575 330764587 330764588 330764602 330764599
1356606892: 37.8055113 -107.6712321 845.2539999999999 330764561 330764549 330764543 330764526 330764521 330098685 330098683 330098694 330098669
330098694: 37.8056156 -107.6703259 742.067 330764561 330764549 330764543 330764526 330764521 330098685 330098683
2084019368: 37.8114968 -107.6570223 938.7360000000001 330764561 330764575 330764587 330764588 330764602 330764599 330764598
330764526: 37.8082709 -107.6675015 350.26599999999996 330764561 330764549 330764543
330764542: 37.8096228 -107.6675632 325.697 330764561 330764549 330764543
330764520: 37.8079382 -107.6691538 559.394 330764561 330764549 330764543 330764542 330764525
330764614: 37.8131426 -107.6602623 648.133 330764561 330764575 330764587 330764588 330764602 330764599
330764634: 37.8153336 -107.6596936 766.872 330764561 330764575 330764587 330764594 330764609 330764618 330764623 330764636 330764635
330764626: 37.8187672 -107.6622713 1091.301 330764561 330764575 330764587 330764594 330764609 330764608 330764615
330098653: 37.8044754 -107.6709965 872.193 330764561 330764549 330764543 330764526 330764521 330098685 330098683 330098681 330098680
330764587: 37.8124751 -107.6636123 228.79500000000002 330764561 330764575
3042563877: 37.8088158 -107.6617505 371.341 330764561 330764571 330764570 330764569
330764639: 37.8159925 -107.6585 866.209 330764561 330764575 330764587 330764594 330764609 330764618 330764623 330764636 330764637
330764619: 37.8145559 -107.6603964 676.853 330764561 330764575 330764587 330764594 330764609 330764618
330764547: 37.8085993 -107.6658037 325.411 330764561 330764571 330764550
330764573: 37.812812 -107.6663857 330.255 330764561 330764575 330764574 330764572
330764569: 37.8092732 -107.6625555 284.231 330764561 330764571 330764570
330764643: 37.8165647 -107.6571214 1003.116 330764561 330764575 330764587 330764594 330764609 330764618 330764623 330764636 330764637 330764639
330098681: 37.8057088 -107.6698619 702.643 330764561 330764549 330764543 330764526 330764521 330098685 330098683
330098741: 37.8070608 -107.6699879 681.4110000000001 330764561 330764549 330764543 330764542 330764525 330764520
330764543: 37.8091249 -107.666713 232.725 330764561 330764549
2042183279: 37.8058594 -107.6657771 746.637 330764561 330764571 330764550 330764547 330764530 330764524
331058125: 37.8180967 -107.6583566 1066.7379999999998 330764561 330764575 330764587 330764594 330764609 330764618 330764623 330764638
330098685: 37.8065591 -107.6690796 585.754 330764561 330764549 330764543 330764526 330764521
330764551: 37.808932 -107.6641836 305.79499999999996 330764561 330764571 330764550
330764599: 37.8123267 -107.6610804 532.393 330764561 330764575 330764587 330764588 330764602
330764521: 37.8074359 -107.6682606 464.582 330764561 330764549 330764543 330764526
330764609: 37.814166 -107.6620647 460.82099999999997 330764561 330764575 330764587 330764594
330764641: 37.8151704 -107.6571294 1017.4189999999999 330764561 330764575 330764587 330764594 330764609 330764618 330764623 330764636 330764637 330764639 330764640
330764557: 37.8104726 -107.6667961 212.517 330764561 330764562
330764621: 37.8134541 -107.6586234 858.7550000000001 330764561 330764575 330764587 330764588 330764602 330764599 330764614 330764613
330764519: 37.8084171 -107.6699987 650.7470000000001 330764561 330764549 330764543 330764542 330764525 330764520
330764607: 37.8151958 -107.6637813 647.438 330764561 330764575 330764574 330764586 330764593 330764592 330764606
330764633: 37.8148398 -107.6587307 867.7149999999999 330764561 330764575 330764587 330764594 330764609 330764618 330764623 330764636 330764635 330764634
330098683: 37.8058212 -107.6697573 687.13 330764561 330764549 330764543 330764526 330764521 330098685
330764623: 37.8156111 -107.6607156 660.501 330764561 330764575 330764587 330764594 330764609 330764618
330098703: 37.8031064 -107.6695588 1093.481 330764561 330764549 330764543 330764526 330764521 330098685 330098683 330098681 330098706
330764591: 37.8146344 -107.6650835 585.626 330764561 330764575 330764574 330764586 330764593 330764592
330764603: 37.8110377 -107.6608244 730.9150000000001 330764561 330764575 330764587 330764588 330764602 330764599 330764598
2042183459: 37.8059188 -107.6700764 857.242 330764561 330764549 330764543 330764542 330764525 330764520 330098741 330098732
330764631: 37.8143249 -107.6578188 978.6360000000001 330764561 330764575 330764587 330764588 330764602 330764599 330764614 330764613 330764621
330764585: 37.813488 -107.665345 414.543 330764561 330764575 330764574 330764572
330764549: 37.8099492 -107.6659351 118.395 330764561
330098641: 37.8040903 -107.6714193 928.9359999999999 330764561 330764549 330764543 330764526 330764521 330098685 330098683 330098681 330098680 330098653
330764575: 37.8116381 -107.6644036 112.631 330764561
330764525: 37.8087682 -107.6683713 444.314 330764561 330764549 330764543 330764542
330764637: 37.8156027 -107.6594844 769.482 330764561 330764575 330764587 330764594 330764609 330764618 330764623 330764636
330764615: 37.8161048 -107.6629069 763.478 330764561 330764575 330764587 330764594 330764609 330764608
330764635: 37.8152361 -107.6597821 753.531 330764561 330764575 330764587 330764594 330764609 330764618 330764623 330764636
330764561: 37.8108096 -107.6651412 0.0 
330764593: 37.8138228 -107.6637223 435.78299999999996 330764561 330764575 330764574 330764586
330764613: 37.8126213 -107.6593879 744.363 330764561 330764575 330764587 330764588 330764602 330764599 330764614
330764571: 37.8102946 -107.6642856 94.49199999999999 330764561
330764581: 37.8106342 -107.6626378 303.743 330764561 330764575 330764576
330098669: 37.8056042 -107.6713351 831.521 330764561 330764549 330764543 330764526 330764521 330098685 330098683 330098694
1826005507: 37.8043293 -107.6677159 948.096 330764561 330764549 330764543 330764526 330764521 330098685 330098683 330098681 330098706
330764577: 37.8101346 -107.6617791 397.427 330764561 330764575 330764576 330764581
