1826005506: 37.8125684 -107.6687888 1423.417 330764621 330764613 330764614 330764599 330764602 330764588 330764587 330764575 330764574 330764562 330764566 330764554
330764640: 37.8156472 -107.6578912 317.089 330764621 330764631 330764641
331107624: 37.8037969 -107.6743977 2070.6349999999998 330764621 330764613 330764614 330764599 330764602 330764588 330764576 330764571 330764550 330764547 330764530 330764524 330764521 330098685 330098683 330098681 330098680 330098653 330098641
330764554: 37.8114601 -107.6685208 1248.174 330764621 330764613 330764614 330764599 330764602 330764588 330764587 330764575 330764574 330764562 330764566
331058144: 37.8181867 -107.6574714 852.8649999999999 330764621 330764620 330764619 330764618 330764623 330764638 331058125
330098706: 37.8046661 -107.6682955 1743.2479999999998 330764621 330764613 330764614 330764599 330764602 330764588 330764576 330764571 330764550 330764547 330764530 330764524 330764521 330098685 330098683 330098681
330764588: 37.8119708 -107.6627674 536.937 330764621 330764613 330764614 330764599 330764602
330764622: 37.8131405 -107.6580789 59.193 330764621
330764546: 37.8080865 -107.6649695 1085.694 330764621 330764613 330764614 330764599 330764602 330764588 330764581 330764570 330764551
330764562: 37.8113224 -107.666021 951.831 330764621 330764613 330764614 330764599 330764602 330764588 330764587 330764575 330764574
330764632: 37.8140283 -107.6572931 176.629 330764621 330764631
330764570: 37.8097882 -107.6634165 852.408 330764621 330764613 330764614 330764599 330764602 330764588 330764581
330764618: 37.8150602 -107.6612439 291.368 330764621 330764620 330764619
330098732: 37.8062937 -107.6707095 1646.354 330764621 330764613 330764614 330764599 330764602 330764588 330764587 330764575 330764574 330764562 330764557 330764542 330764525 330764520 330098741
330764602: 37.8128099 -107.6619172 417.42199999999997 330764621 330764613 330764614 330764599
330764566: 37.8118076 -107.6668819 1044.731 330764621 330764613 330764614 330764599 330764602 330764588 330764587 330764575 330764574 330764562
330764550: 37.809447 -107.6650527 881.989 330764621 330764613 330764614 330764599 330764602 330764588 330764576 330764571
330764574: 37.8121361 -107.6652485 838.73 330764621 330764613 330764614 330764599 330764602 330764588 330764587 330764575
330764572: 37.812651 -107.6661068 933.404 330764621 330764613 330764614 330764599 330764602 330764588 330764587 330764575 330764574
330764530: 37.807756 -107.666603 1114.194 330764621 330764613 330764614 330764599 330764602 330764588 330764576 330764571 330764550 330764547
330764638: 37.8166855 -107.6597526 514.616 330764621 330764620 330764619 330764618 330764623
330764552: 37.8084351 -107.663328 1062.347 330764621 330764613 330764614 330764599 330764602 330764588 330764581 330764570 330764551
330764584: 37.8137179 -107.6657607 863.8870000000001 330764621 330764613 330764614 330764599 330764602 330764588 330764587 330764586 330764585
330764524: 37.8069358 -107.667405 1229.442 330764621 330764613 330764614 330764599 330764602 330764588 330764576 330764571 330764550 330764547 330764530
330764576: 37.8111359 -107.6635211 650.966 330764621 330764613 330764614 330764599 330764602 330764588
3042563270: 37.8101077 -107.6617323 834.8409999999999 330764621 330764613 330764614 330764599 330764602 330764588 330764581 330764577
330764606: 37.8151535 -107.6638215 609.435 330764621 330764620 330764619 330764618 330764609 330764608 330764607
330764592: 37.8143313 -107.6645672 705.228 330764621 330764613 330764614 330764599 330764602 330764594 330764593
330764594: 37.8133163 -107.6628318 515.533 330764621 330764613 330764614 330764599 330764602
331058146: 37.8181665 -107.6566922 921.3469999999999 330764621 330764620 330764619 330764618 330764623 330764638 331058125 331058144
1826005504: 37.8111838 -107.6687122 1283.66 330764621 330764613 330764614 330764599 330764602 330764588 330764587 330764575 330764574 330764562 330764566 330764554
330098752: 37.8067716 -107.6714618 1723.7939999999999 330764621 330764613 330764614 330764599 330764602 330764588 330764587 330764575 330764574 330764562 330764557 330764542 330764525 330764520 330098741
330764604: 37.8155688 -107.6643634 676.516 330764621 330764620 330764619 330764618 330764609 330764608 330764607 330764606
330764644: 37.8160286 -107.656314 351.031 330764621 330764631 330764641
330764608: 37.8146809 -107.6629016 507.378 330764621 330764620 330764619 330764618 330764609
330764620: 37.8139881 -107.6594951 96.899 330764621
330764636: 37.8155794 -107.6604956 364.46299999999997 330764621 330764620 330764619 330764635
330764586: 37.8129837 -107.6644867 725.346 330764621 330764613 330764614 330764599 330764602 330764588 330764587
330764612: 37.8122441 -107.6587736 182.739 330764621 330764613
330764556: 37.810977 -107.6676383 1158.509 330764621 330764613 330764614 330764599 330764602 330764588 330764587 330764575 330764574 330764562 330764566
330098680: 37.8055774 -107.6699879 1579.3359999999998 330764621 330764613 330764614 330764599 330764602 330764588 330764576 330764571 330764550 330764547 330764530 330764524 330764521 330098685 330098683 330098681
330764598: 37.8117991 -107.6601952 230.098 330764621 330764613
1356606892: 37.8055113 -107.6712321 1703.6159999999998 330764621 330764613 330764614 330764599 330764602 330764588 330764576 330764571 330764550 330764547 330764530 330764524 330764521 330098685 330098683 330098694 330098669
330098694: 37.8056156 -107.6703259 1600.4289999999999 330764621 330764613 330764614 330764599 330764602 330764588 330764576 330764571 330764550 330764547 330764530 330764524 330764521 330098685 330098683
2084019368: 37.8114968 -107.6570223 539.029 330764621 330764613 330764598
330764526: 37.8082709 -107.6675015 1209.021 330764621 330764613 330764614 330764599 330764602 330764588 330764587 330764575 330764561 330764549 330764543
330764542: 37.8096228 -107.6675632 1184.364 330764621 330764613 330764614 330764599 330764602 330764588 330764587 330764575 330764574 330764562 330764557
330764520: 37.8079382 -107.6691538 1418.061 330764621 330764613 330764614 330764599 330764602 330764588 330764587 330764575 330764574 330764562 330764557 330764542 330764525
330764614: 37.8131426 -107.6602623 210.62199999999999 330764621 330764613
330764634: 37.8153336 -107.6596936 304.418 330764621 330764620 330764619 330764635
330764626: 37.8187672 -107.6622713 1044.677 330764621 330764620 330764619 330764618 330764609 330764608 330764615
330098653: 37.8044754 -107.6709965 1730.5549999999998 330764621 330764613 330764614 330764599 330764602 330764588 330764576 330764571 330764550 330764547 330764530 330764524 330764521 330098685 330098683 330098681 330098680
330764587: 37.8124751 -107.6636123 629.96 330764621 330764613 330764614 330764599 330764602 330764588
3042563877: 37.8088158 -107.6617505 1034.389 330764621 330764613 330764614 330764599 330764602 330764588 330764581 330764570 330764569
330764639: 37.8159925 -107.6585 382.923 330764621 330764631 330764641 330764640
330764619: 37.8145559 -107.6603964 198.165 330764621 330764620
330764547: 37.8085993 -107.6658037 997.0450000000001 330764621 330764613 330764614 330764599 330764602 330764588 330764576 330764571 330764550
330764573: 37.812812 -107.6663857 963.748 330764621 330764613 330764614 330764599 330764602 330764588 330764587 330764575 330764574 330764572
330764569: 37.8092732 -107.6625555 947.279 330764621 330764613 330764614 330764599 330764602 330764588 330764581 330764570
330764643: 37.8165647 -107.6571214 443.679 330764621 330764631 330764641 330764644
330098681: 37.8057088 -107.6698619 1561.0049999999999 330764621 330764613 330764614 330764599 330764602 330764588 330764576 330764571 330764550 330764547 330764530 330764524 330764521 330098685 330098683
330098741: 37.8070608 -107.6699879 1540.078 330764621 330764613 330764614 330764599 330764602 330764588 330764587 330764575 330764574 330764562 330764557 330764542 330764525 330764520
330764543: 37.8091249 -107.666713 1091.48 330764621 330764613 330764614 330764599 330764602 330764588 330764587 330764575 330764561 330764549
2042183279: 37.8058594 -107.6657771 1418.271 330764621 330764613 330764614 330764599 330764602 330764588 330764576 330764571 330764550 330764547 330764530 330764524
331058125: 37.8180967 -107.6583566 774.4559999999999 330764621 330764620 330764619 330764618 330764623 330764638
330098685: 37.8065591 -107.6690796 1444.116 330764621 330764613 330764614 330764599 330764602 330764588 330764576 330764571 330764550 330764547 330764530 330764524 330764521
330764551: 37.808932 -107.6641836 969.05 330764621 330764613 330764614 330764599 330764602 330764588 330764581 330764570
330764599: 37.8123267 -107.6610804 326.36199999999997 330764621 330764613 330764614
330764521: 37.8074359 -107.6682606 1322.944 330764621 330764613 330764614 330764599 330764602 330764588 330764576 330764571 330764550 330764547 330764530 330764524
330764609: 37.814166 -107.6620647 414.197 330764621 330764620 330764619 330764618
330764641: 37.8151704 -107.6571294 231.713 330764621 330764631
330764557: 37.8104726 -107.6667961 1068.3020000000001 330764621 330764613 330764614 330764599 330764602 330764588 330764587 330764575 330764574 330764562
330764621: 37.8134541 -107.6586234 0.0 
330764519: 37.8084171 -107.6699987 1509.414 330764621 330764613 330764614 330764599 330764602 330764588 330764587 330764575 330764574 330764562 330764557 330764542 330764525 330764520
330764607: 37.8151958 -107.6637813 603.553 330764621 330764620 330764619 330764618 330764609 330764608
330764633: 37.8148398 -107.6587307 212.993 330764621 330764620
330098683: 37.8058212 -107.6697573 1545.492 330764621 330764613 330764614 330764599 330764602 330764588 330764576 330764571 330764550 330764547 330764530 330764524 330764521 330098685
330764623: 37.8156111 -107.6607156 368.219 330764621 330764620 330764619 330764618
330098703: 37.8031064 -107.6695588 1951.8429999999998 330764621 330764613 330764614 330764599 330764602 330764588 330764576 330764571 330764550 330764547 330764530 330764524 330764521 330098685 330098683 330098681 330098706
330764591: 37.8146344 -107.6650835 761.7669999999999 330764621 330764613 330764614 330764599 330764602 330764594 330764593 330764592
330764603: 37.8110377 -107.6608244 331.208 330764621 330764613 330764598
2042183459: 37.8059188 -107.6700764 1715.909 330764621 330764613 330764614 330764599 330764602 330764588 330764587 330764575 330764574 330764562 330764557 330764542 330764525 330764520 330098741 330098732
330764631: 37.8143249 -107.6578188 119.881 330764621
330764585: 37.813488 -107.665345 819.311 330764621 330764613 330764614 330764599 330764602 330764588 330764587 330764586
330764549: 37.8099492 -107.6659351 977.15 330764621 330764613 330764614 330764599 330764602 330764588 330764587 330764575 330764561
330098641: 37.8040903 -107.6714193 1787.2979999999998 330764621 330764613 330764614 330764599 330764602 330764588 330764576 330764571 330764550 330764547 330764530 330764524 330764521 330098685 330098683 330098681 330098680 330098653
330764575: 37.8116381 -107.6644036 746.124 330764621 330764613 330764614 330764599 330764602 330764588 330764587
330764525: 37.8087682 -107.6683713 1302.981 330764621 330764613 330764614 330764599 330764602 330764588 330764587 330764575 330764574 330764562 330764557 330764542
330764637: 37.8156027 -107.6594844 339.533 330764621 330764620 330764619 330764635 330764634
330764615: 37.8161048 -107.6629069 716.8539999999999 330764621 330764620 330764619 330764618 330764609 330764608
330764635: 37.8152361 -107.6597821 291.077 330764621 330764620 330764619
330764561: 37.8108096 -107.6651412 858.755 330764621 330764613 330764614 330764599 330764602 330764588 330764587 330764575
330764593: 37.8138228 -107.6637223 611.924 330764621 330764613 330764614 330764599 330764602 330764594
330764613: 37.8126213 -107.6593879 114.392 330764621
330764571: 37.8102946 -107.6642856 766.126 330764621 330764613 330764614 330764599 330764602 330764588 330764576
330764581: 37.8106342 -107.6626378 736.073 330764621 330764613 330764614 330764599 330764602 330764588
330098669: 37.8056042 -107.6713351 1689.8829999999998 330764621 330764613 330764614 330764599 330764602 330764588 330764576 330764571 330764550 330764547 330764530 330764524 330764521 330098685 330098683 330098694
1826005507: 37.8043293 -107.6677159 1806.4579999999999 330764621 330764613 330764614 330764599 330764602 330764588 330764576 330764571 330764550 330764547 330764530 330764524 330764521 330098685 330098683 330098681 330098706
330764577: 37.8101346 -107.6617791 829.757 330764621 330764613 330764614 330764599 330764602 330764588 330764581
