1826005506: 37.8125684 -107.6687888 1010.01 2042183459 330098732 330098741 330764520 330764525 330764542 330764557 330764556 330764554
330764640: 37.8156472 -107.6578912 1789.197 2042183459 330098732 330098741 330764520 330764525 330764542 330764557 330764562 330764574 330764575 330764587 330764594 330764609 330764618 330764623 330764636 330764637 330764639
331107624: 37.8037969 -107.6743977 899.7369999999999 2042183459 330098732 330098741 330098685 330098683 330098681 330098680 330098653 330098641
330764554: 37.8114601 -107.6685208 834.7669999999999 2042183459 330098732 330098741 330764520 330764525 330764542 330764557 330764556
331058144: 37.8181867 -107.6574714 2002.3009999999995 2042183459 330098732 330098741 330764520 330764525 330764542 330764557 330764562 330764574 330764575 330764587 330764594 330764609 330764618 330764623 330764638 331058125
330098706: 37.8046661 -107.6682955 572.3499999999999 2042183459 330098732 330098741 330098685 330098683 330098681
330764588: 37.8119708 -107.6627674 1178.972 2042183459 330098732 330098741 330764520 330764525 330764542 330764557 330764562 330764574 330764575 330764587
330764622: 37.8131405 -107.6580789 1775.102 2042183459 330098732 330098741 330764520 330764525 330764542 330764557 330764562 330764574 330764575 330764587 330764588 330764602 330764599 330764614 330764613 330764621
330764546: 37.8080865 -107.6649695 795.933 2042183459 330098732 330098741 330764520 330764521 330764524 330764530
330764562: 37.8113224 -107.666021 764.078 2042183459 330098732 330098741 330764520 330764525 330764542 330764557
330764632: 37.8140283 -107.6572931 1892.5380000000002 2042183459 330098732 330098741 330764520 330764525 330764542 330764557 330764562 330764574 330764575 330764587 330764588 330764602 330764599 330764614 330764613 330764621 330764631
330764570: 37.8097882 -107.6634165 1029.219 2042183459 330098732 330098741 330764520 330764521 330764524 330764530 330764546 330764551
330764618: 37.8150602 -107.6612439 1440.8039999999999 2042183459 330098732 330098741 330764520 330764525 330764542 330764557 330764562 330764574 330764575 330764587 330764594 330764609
330098732: 37.8062937 -107.6707095 69.55499999999999 2042183459
330764602: 37.8128099 -107.6619172 1298.487 2042183459 330098732 330098741 330764520 330764525 330764542 330764557 330764562 330764574 330764575 330764587 330764588
330764566: 37.8118076 -107.6668819 854.227 2042183459 330098732 330098741 330764520 330764525 330764542 330764557 330764556
330764550: 37.809447 -107.6650527 834.385 2042183459 330098732 330098741 330764520 330764525 330764542 330764543 330764549
330764574: 37.8121361 -107.6652485 877.179 2042183459 330098732 330098741 330764520 330764525 330764542 330764557 330764562
330764572: 37.812651 -107.6661068 970.121 2042183459 330098732 330098741 330764520 330764525 330764542 330764557 330764556 330764566
330764530: 37.807756 -107.666603 602.915 2042183459 330098732 330098741 330764520 330764521 330764524
330764638: 37.8166855 -107.6597526 1664.0519999999997 2042183459 330098732 330098741 330764520 330764525 330764542 330764557 330764562 330764574 330764575 330764587 330764594 330764609 330764618 330764623
330764552: 37.8084351 -107.663328 994.798 2042183459 330098732 330098741 330764520 330764521 330764524 330764530 330764546
330764584: 37.8137179 -107.6657607 1129.329 2042183459 330098732 330098741 330764520 330764525 330764542 330764557 330764556 330764566 330764572 330764585
330764524: 37.8069358 -107.667405 487.667 2042183459 330098732 330098741 330764520 330764521
330764576: 37.8111359 -107.6635211 1065.328 2042183459 330098732 330098741 330764520 330764525 330764542 330764557 330764562 330764574 330764575
3042563270: 37.8101077 -107.6617323 1233.175 2042183459 330098732 330098741 330764520 330764521 330764524 330764530 330764546 330764552 330764569 330764577
330764606: 37.8151535 -107.6638215 1313.245 2042183459 330098732 330098741 330764520 330764525 330764542 330764557 330764556 330764566 330764572 330764585 330764592
330764592: 37.8143313 -107.6645672 1200.7759999999998 2042183459 330098732 330098741 330764520 330764525 330764542 330764557 330764556 330764566 330764572 330764585
330764594: 37.8133163 -107.6628318 1201.924 2042183459 330098732 330098741 330764520 330764525 330764542 330764557 330764562 330764574 330764575 330764587
331058146: 37.8181665 -107.6566922 2070.7829999999994 2042183459 330098732 330098741 330764520 330764525 330764542 330764557 330764562 330764574 330764575 330764587 330764594 330764609 330764618 330764623 330764638 331058125 331058144
1826005504: 37.8111838 -107.6687122 870.2529999999999 2042183459 330098732 330098741 330764520 330764525 330764542 330764557 330764556 330764554
330098752: 37.8067716 -107.6714618 156.68599999999998 2042183459 330098732
330764604: 37.8155688 -107.6643634 1380.3259999999998 2042183459 330098732 330098741 330764520 330764525 330764542 330764557 330764556 330764566 330764572 330764585 330764592 330764606
330764644: 37.8160286 -107.656314 1952.9179999999997 2042183459 330098732 330098741 330764520 330764525 330764542 330764557 330764562 330764574 330764575 330764587 330764594 330764609 330764618 330764623 330764636 330764637 330764639 330764643
330764608: 37.8146809 -107.6629016 1227.3149999999998 2042183459 330098732 330098741 330764520 330764525 330764542 330764557 330764562 330764574 330764586 330764593
330764620: 37.8139881 -107.6594951 1620.963 2042183459 330098732 330098741 330764520 330764525 330764542 330764557 330764562 330764574 330764575 330764587 330764588 330764602 330764599 330764614
330764636: 37.8155794 -107.6604956 1537.2989999999998 2042183459 330098732 330098741 330764520 330764525 330764542 330764557 330764562 330764574 330764575 330764587 330764594 330764609 330764618 330764623
330764586: 37.8129837 -107.6644867 992.77 2042183459 330098732 330098741 330764520 330764525 330764542 330764557 330764562 330764574
330764612: 37.8122441 -107.6587736 1669.864 2042183459 330098732 330098741 330764520 330764525 330764542 330764557 330764562 330764574 330764575 330764587 330764588 330764602 330764599 330764614 330764613
330764556: 37.810977 -107.6676383 740.449 2042183459 330098732 330098741 330764520 330764525 330764542 330764557
330098680: 37.8055774 -107.6699879 408.43799999999993 2042183459 330098732 330098741 330098685 330098683 330098681
330764598: 37.8117991 -107.6601952 1486.959 2042183459 330098732 330098741 330764520 330764525 330764542 330764557 330764562 330764574 330764575 330764587 330764588 330764602 330764599
1356606892: 37.8055113 -107.6712321 532.7179999999998 2042183459 330098732 330098741 330098685 330098683 330098694 330098669
330098694: 37.8056156 -107.6703259 429.53099999999995 2042183459 330098732 330098741 330098685 330098683
2084019368: 37.8114968 -107.6570223 1795.89 2042183459 330098732 330098741 330764520 330764525 330764542 330764557 330764562 330764574 330764575 330764587 330764588 330764602 330764599 330764598
330764526: 37.8082709 -107.6675015 507.24999999999994 2042183459 330098732 330098741 330764520 330764525
330764542: 37.8096228 -107.6675632 531.545 2042183459 330098732 330098741 330764520 330764525
330764520: 37.8079382 -107.6691538 297.84799999999996 2042183459 330098732 330098741
330764614: 37.8131426 -107.6602623 1505.287 2042183459 330098732 330098741 330764520 330764525 330764542 330764557 330764562 330764574 330764575 330764587 330764588 330764602 330764599
330764634: 37.8153336 -107.6596936 1624.0259999999996 2042183459 330098732 330098741 330764520 330764525 330764542 330764557 330764562 330764574 330764575 330764587 330764594 330764609 330764618 330764623 330764636 330764635
330764626: 37.8187672 -107.6622713 1764.6139999999996 2042183459 330098732 330098741 330764520 330764525 330764542 330764557 330764562 330764574 330764586 330764593 330764608 330764615
330098653: 37.8044754 -107.6709965 559.6569999999999 2042183459 330098732 330098741 330098685 330098683 330098681 330098680
330764587: 37.8124751 -107.6636123 1085.949 2042183459 330098732 330098741 330764520 330764525 330764542 330764557 330764562 330764574 330764575
3042563877: 37.8088158 -107.6617505 1197.2209999999998 2042183459 330098732 330098741 330764520 330764521 330764524 330764530 330764546 330764552 330764569
330764639: 37.8159925 -107.6585 1723.3629999999998 2042183459 330098732 330098741 330764520 330764525 330764542 330764557 330764562 330764574 330764575 330764587 330764594 330764609 330764618 330764623 330764636 330764637
330764619: 37.8145559 -107.6603964 1534.0069999999998 2042183459 330098732 330098741 330764520 330764525 330764542 330764557 330764562 330764574 330764575 330764587 330764594 330764609 330764618
330764547: 37.8085993 -107.6658037 720.064 2042183459 330098732 330098741 330764520 330764521 330764524 330764530
330764573: 37.812812 -107.6663857 1000.465 2042183459 330098732 330098741 330764520 330764525 330764542 330764557 330764556 330764566 330764572
330764569: 37.8092732 -107.6625555 1110.1109999999999 2042183459 330098732 330098741 330764520 330764521 330764524 330764530 330764546 330764552
330764643: 37.8165647 -107.6571214 1860.2699999999998 2042183459 330098732 330098741 330764520 330764525 330764542 330764557 330764562 330764574 330764575 330764587 330764594 330764609 330764618 330764623 330764636 330764637 330764639
330098681: 37.8057088 -107.6698619 390.1069999999999 2042183459 330098732 330098741 330098685 330098683
330098741: 37.8070608 -107.6699879 175.831 2042183459 330098732
330764543: 37.8091249 -107.666713 624.5169999999999 2042183459 330098732 330098741 330764520 330764525 330764542
2042183279: 37.8058594 -107.6657771 676.496 2042183459 330098732 330098741 330764520 330764521 330764524
331058125: 37.8180967 -107.6583566 1923.8919999999996 2042183459 330098732 330098741 330764520 330764525 330764542 330764557 330764562 330764574 330764575 330764587 330764594 330764609 330764618 330764623 330764638
330098685: 37.8065591 -107.6690796 273.21799999999996 2042183459 330098732 330098741
330764551: 37.808932 -107.6641836 912.577 2042183459 330098732 330098741 330764520 330764521 330764524 330764530 330764546
330764599: 37.8123267 -107.6610804 1389.547 2042183459 330098732 330098741 330764520 330764525 330764542 330764557 330764562 330764574 330764575 330764587 330764588 330764602
330764521: 37.8074359 -107.6682606 394.16499999999996 2042183459 330098732 330098741 330764520
330764609: 37.814166 -107.6620647 1317.975 2042183459 330098732 330098741 330764520 330764525 330764542 330764557 330764562 330764574 330764575 330764587 330764594
330764641: 37.8151704 -107.6571294 1874.5729999999999 2042183459 330098732 330098741 330764520 330764525 330764542 330764557 330764562 330764574 330764575 330764587 330764594 330764609 330764618 330764623 330764636 330764637 330764639 330764640
330764557: 37.8104726 -107.6667961 647.607 2042183459 330098732 330098741 330764520 330764525 330764542
330764621: 37.8134541 -107.6586234 1715.909 2042183459 330098732 330098741 330764520 330764525 330764542 330764557 330764562 330764574 330764575 330764587 330764588 330764602 330764599 330764614 330764613
330764519: 37.8084171 -107.6699987 389.20099999999996 2042183459 330098732 330098741 330764520
330764607: 37.8151958 -107.6637813 1319.127 2042183459 330098732 330098741 330764520 330764525 330764542 330764557 330764556 330764566 330764572 330764585 330764592 330764606
330764633: 37.8148398 -107.6587307 1724.8689999999997 2042183459 330098732 330098741 330764520 330764525 330764542 330764557 330764562 330764574 330764575 330764587 330764594 330764609 330764618 330764623 330764636 330764635 330764634
330098683: 37.8058212 -107.6697573 374.59399999999994 2042183459 330098732 330098741 330098685
330764623: 37.8156111 -107.6607156 1517.6549999999997 2042183459 330098732 330098741 330764520 330764525 330764542 330764557 330764562 330764574 330764575 330764587 330764594 330764609 330764618
330098703: 37.8031064 -107.6695588 780.9449999999999 2042183459 330098732 330098741 330098685 330098683 330098681 330098706
330764591: 37.8146344 -107.6650835 1257.3149999999998 2042183459 330098732 330098741 330764520 330764525 330764542 330764557 330764556 330764566 330764572 330764585 330764592
330764603: 37.8110377 -107.6608244 1588.069 2042183459 330098732 330098741 330764520 330764525 330764542 330764557 330764562 330764574 330764575 330764587 330764588 330764602 330764599 330764598
2042183459: 37.8059188 -107.6700764 0.0 
330764631: 37.8143249 -107.6578188 1835.7900000000002 2042183459 330098732 330098741 330764520 330764525 330764542 330764557 330764562 330764574 330764575 330764587 330764588 330764602 330764599 330764614 330764613 330764621
330764585: 37.813488 -107.665345 1084.753 2042183459 330098732 330098741 330764520 330764525 330764542 330764557 330764556 330764566 330764572
330764549: 37.8099492 -107.6659351 738.847 2042183459 330098732 330098741 330764520 330764525 330764542 330764543
330098641: 37.8040903 -107.6714193 616.3999999999999 2042183459 330098732 330098741 330098685 330098683 330098681 330098680 330098653
330764575: 37.8116381 -107.6644036 969.785 2042183459 330098732 330098741 330764520 330764525 330764542 330764557 330764562 330764574
330764525: 37.8087682 -107.6683713 412.92799999999994 2042183459 330098732 330098741 330764520
330764637: 37.8156027 -107.6594844 1626.6359999999997 2042183459 330098732 330098741 330764520 330764525 330764542 330764557 330764562 330764574 330764575 330764587 330764594 330764609 330764618 330764623 330764636
330764615: 37.8161048 -107.6629069 1436.7909999999997 2042183459 330098732 330098741 330764520 330764525 330764542 330764557 330764562 330764574 330764586 330764593 330764608
330764635: 37.8152361 -107.6597821 1610.6849999999997 2042183459 330098732 330098741 330764520 330764525 330764542 330764557 330764562 330764574 330764575 330764587 330764594 330764609 330764618 330764623 330764636
330764561: 37.8108096 -107.6651412 857.242 2042183459 330098732 330098741 330764520 330764525 330764542 330764543 330764549
330764593: 37.8138228 -107.6637223 1107.725 2042183459 330098732 330098741 330764520 330764525 330764542 330764557 330764562 330764574 330764586
330764613: 37.8126213 -107.6593879 1601.517 2042183459 330098732 330098741 330764520 330764525 330764542 330764557 330764562 330764574 330764575 330764587 330764588 330764602 330764599 330764614
330764571: 37.8102946 -107.6642856 950.248 2042183459 330098732 330098741 330764520 330764525 330764542 330764543 330764549 330764550
330764581: 37.8106342 -107.6626378 1145.554 2042183459 330098732 330098741 330764520 330764521 330764524 330764530 330764546 330764551 330764570
330098669: 37.8056042 -107.6713351 518.9849999999999 2042183459 330098732 330098741 330098685 330098683 330098694
1826005507: 37.8043293 -107.6677159 635.56 2042183459 330098732 330098741 330098685 330098683 330098681 330098706
330764577: 37.8101346 -107.6617791 1228.091 2042183459 330098732 330098741 330764520 330764521 330764524 330764530 330764546 330764552 330764569
