1826005506: 37.8125684 -107.6687888 584.6869999999999 330764574 330764562 330764566 330764554
330764640: 37.8156472 -107.6578912 912.018 330764574 330764575 330764587 330764594 330764609 330764618 330764623 330764636 330764637 330764639
331107624: 37.8037969 -107.6743977 1417.51 330764574 330764575 330764561 330764549 330764543 330764526 330764521 330098685 330098683 330098681 330098680 330098653 330098641
330764554: 37.8114601 -107.6685208 409.44399999999996 330764574 330764562 330764566
331058144: 37.8181867 -107.6574714 1125.1219999999998 330764574 330764575 330764587 330764594 330764609 330764618 330764623 330764638 331058125
330098706: 37.8046661 -107.6682955 1090.123 330764574 330764575 330764561 330764549 330764543 330764526 330764521 330098685 330098683 330098681
330764588: 37.8119708 -107.6627674 301.793 330764574 330764575 330764587
330764622: 37.8131405 -107.6580789 897.923 330764574 330764575 330764587 330764588 330764602 330764599 330764614 330764613 330764621
330764546: 37.8080865 -107.6649695 623.504 330764574 330764575 330764561 330764571 330764550 330764547
330764562: 37.8113224 -107.666021 113.101 330764574
330764632: 37.8140283 -107.6572931 1015.359 330764574 330764575 330764587 330764588 330764602 330764599 330764614 330764613 330764621 330764631
330764570: 37.8097882 -107.6634165 394.597 330764574 330764575 330764561 330764571
330764618: 37.8150602 -107.6612439 563.625 330764574 330764575 330764587 330764594 330764609
330098732: 37.8062937 -107.6707095 807.6239999999999 330764574 330764562 330764557 330764542 330764525 330764520 330098741
330764602: 37.8128099 -107.6619172 421.308 330764574 330764575 330764587 330764588
330764566: 37.8118076 -107.6668819 206.001 330764574 330764562
330764550: 37.809447 -107.6650527 415.592 330764574 330764575 330764561 330764571
330764574: 37.8121361 -107.6652485 0.0 
330764572: 37.812651 -107.6661068 94.674 330764574
330764530: 37.807756 -107.666603 647.797 330764574 330764575 330764561 330764571 330764550 330764547
330764638: 37.8166855 -107.6597526 786.873 330764574 330764575 330764587 330764594 330764609 330764618 330764623
330764552: 37.8084351 -107.663328 604.329 330764574 330764575 330764561 330764571 330764550 330764551
330764584: 37.8137179 -107.6657607 253.882 330764574 330764572 330764585
330764524: 37.8069358 -107.667405 763.0450000000001 330764574 330764575 330764561 330764571 330764550 330764547 330764530
330764576: 37.8111359 -107.6635211 188.149 330764574 330764575
3042563270: 37.8101077 -107.6617323 382.48600000000005 330764574 330764575 330764576 330764581 330764577
330764606: 37.8151535 -107.6638215 436.319 330764574 330764586 330764593 330764592
330764592: 37.8143313 -107.6645672 323.85 330764574 330764586 330764593
330764594: 37.8133163 -107.6628318 324.745 330764574 330764575 330764587
331058146: 37.8181665 -107.6566922 1193.6039999999998 330764574 330764575 330764587 330764594 330764609 330764618 330764623 330764638 331058125 331058144
1826005504: 37.8111838 -107.6687122 444.92999999999995 330764574 330764562 330764566 330764554
330098752: 37.8067716 -107.6714618 885.064 330764574 330764562 330764557 330764542 330764525 330764520 330098741
330764604: 37.8155688 -107.6643634 503.40000000000003 330764574 330764586 330764593 330764592 330764606
330764644: 37.8160286 -107.656314 1075.739 330764574 330764575 330764587 330764594 330764609 330764618 330764623 330764636 330764637 330764639 330764643
330764608: 37.8146809 -107.6629016 350.13599999999997 330764574 330764586 330764593
330764620: 37.8139881 -107.6594951 743.784 330764574 330764575 330764587 330764588 330764602 330764599 330764614
330764636: 37.8155794 -107.6604956 660.12 330764574 330764575 330764587 330764594 330764609 330764618 330764623
330764586: 37.8129837 -107.6644867 115.591 330764574
330764612: 37.8122441 -107.6587736 792.685 330764574 330764575 330764587 330764588 330764602 330764599 330764614 330764613
330764556: 37.810977 -107.6676383 319.779 330764574 330764562 330764566
330098680: 37.8055774 -107.6699879 926.211 330764574 330764575 330764561 330764549 330764543 330764526 330764521 330098685 330098683 330098681
330764598: 37.8117991 -107.6601952 609.78 330764574 330764575 330764587 330764588 330764602 330764599
1356606892: 37.8055113 -107.6712321 1050.491 330764574 330764575 330764561 330764549 330764543 330764526 330764521 330098685 330098683 330098694 330098669
330098694: 37.8056156 -107.6703259 947.304 330764574 330764575 330764561 330764549 330764543 330764526 330764521 330098685 330098683
2084019368: 37.8114968 -107.6570223 918.711 330764574 330764575 330764587 330764588 330764602 330764599 330764598
330764526: 37.8082709 -107.6675015 555.5029999999999 330764574 330764575 330764561 330764549 330764543
330764542: 37.8096228 -107.6675632 345.634 330764574 330764562 330764557
330764520: 37.8079382 -107.6691538 579.331 330764574 330764562 330764557 330764542 330764525
330764614: 37.8131426 -107.6602623 628.108 330764574 330764575 330764587 330764588 330764602 330764599
330764634: 37.8153336 -107.6596936 746.847 330764574 330764575 330764587 330764594 330764609 330764618 330764623 330764636 330764635
330764626: 37.8187672 -107.6622713 887.435 330764574 330764586 330764593 330764608 330764615
330098653: 37.8044754 -107.6709965 1077.43 330764574 330764575 330764561 330764549 330764543 330764526 330764521 330098685 330098683 330098681 330098680
330764587: 37.8124751 -107.6636123 208.76999999999998 330764574 330764575
3042563877: 37.8088158 -107.6617505 576.578 330764574 330764575 330764561 330764571 330764570 330764569
330764639: 37.8159925 -107.6585 846.184 330764574 330764575 330764587 330764594 330764609 330764618 330764623 330764636 330764637
330764619: 37.8145559 -107.6603964 656.828 330764574 330764575 330764587 330764594 330764609 330764618
330764547: 37.8085993 -107.6658037 530.648 330764574 330764575 330764561 330764571 330764550
330764573: 37.812812 -107.6663857 125.018 330764574 330764572
330764569: 37.8092732 -107.6625555 489.46799999999996 330764574 330764575 330764561 330764571 330764570
330764643: 37.8165647 -107.6571214 983.091 330764574 330764575 330764587 330764594 330764609 330764618 330764623 330764636 330764637 330764639
330098681: 37.8057088 -107.6698619 907.88 330764574 330764575 330764561 330764549 330764543 330764526 330764521 330098685 330098683
330098741: 37.8070608 -107.6699879 701.348 330764574 330764562 330764557 330764542 330764525 330764520
330764543: 37.8091249 -107.666713 437.962 330764574 330764575 330764561 330764549
2042183279: 37.8058594 -107.6657771 951.874 330764574 330764575 330764561 330764571 330764550 330764547 330764530 330764524
331058125: 37.8180967 -107.6583566 1046.713 330764574 330764575 330764587 330764594 330764609 330764618 330764623 330764638
330098685: 37.8065591 -107.6690796 790.991 330764574 330764575 330764561 330764549 330764543 330764526 330764521
330764551: 37.808932 -107.6641836 511.032 330764574 330764575 330764561 330764571 330764550
330764599: 37.8123267 -107.6610804 512.3679999999999 330764574 330764575 330764587 330764588 330764602
330764521: 37.8074359 -107.6682606 669.819 330764574 330764575 330764561 330764549 330764543 330764526
330764609: 37.814166 -107.6620647 440.796 330764574 330764575 330764587 330764594
330764641: 37.8151704 -107.6571294 997.394 330764574 330764575 330764587 330764594 330764609 330764618 330764623 330764636 330764637 330764639 330764640
330764557: 37.8104726 -107.6667961 229.572 330764574 330764562
330764621: 37.8134541 -107.6586234 838.73 330764574 330764575 330764587 330764588 330764602 330764599 330764614 330764613
330764519: 37.8084171 -107.6699987 670.684 330764574 330764562 330764557 330764542 330764525 330764520
330764607: 37.8151958 -107.6637813 442.201 330764574 330764586 330764593 330764592 330764606
330764633: 37.8148398 -107.6587307 847.6899999999999 330764574 330764575 330764587 330764594 330764609 330764618 330764623 330764636 330764635 330764634
330098683: 37.8058212 -107.6697573 892.367 330764574 330764575 330764561 330764549 330764543 330764526 330764521 330098685
330764623: 37.8156111 -107.6607156 640.476 330764574 330764575 330764587 330764594 330764609 330764618
330098703: 37.8031064 -107.6695588 1298.718 330764574 330764575 330764561 330764549 330764543 330764526 330764521 330098685 330098683 330098681 330098706
330764591: 37.8146344 -107.6650835 380.389 330764574 330764586 330764593 330764592
330764603: 37.8110377 -107.6608244 710.89 330764574 330764575 330764587 330764588 330764602 330764599 330764598
2042183459: 37.8059188 -107.6700764 877.1789999999999 330764574 330764562 330764557 330764542 330764525 330764520 330098741 330098732
330764631: 37.8143249 -107.6578188 958.611 330764574 330764575 330764587 330764588 330764602 330764599 330764614 330764613 330764621
330764585: 37.813488 -107.665345 209.306 330764574 330764572
330764549: 37.8099492 -107.6659351 323.632 330764574 330764575 330764561
330098641: 37.8040903 -107.6714193 1134.173 330764574 330764575 330764561 330764549 330764543 330764526 330764521 330098685 330098683 330098681 330098680 330098653
330764575: 37.8116381 -107.6644036 92.606 330764574
330764525: 37.8087682 -107.6683713 464.25100000000003 330764574 330764562 330764557 330764542
330764637: 37.8156027 -107.6594844 749.457 330764574 330764575 330764587 330764594 330764609 330764618 330764623 330764636
330764615: 37.8161048 -107.6629069 559.612 330764574 330764586 330764593 330764608
330764635: 37.8152361 -107.6597821 733.506 330764574 330764575 330764587 330764594 330764609 330764618 330764623 330764636
330764561: 37.8108096 -107.6651412 205.237 330764574 330764575
330764593: 37.8138228 -107.6637223 230.546 330764574 330764586
330764613: 37.8126213 -107.6593879 724.338 330764574 330764575 330764587 330764588 330764602 330764599 330764614
330764571: 37.8102946 -107.6642856 299.729 330764574 330764575 330764561
330764581: 37.8106342 -107.6626378 283.718 330764574 330764575 330764576
330098669: 37.8056042 -107.6713351 1036.758 330764574 330764575 330764561 330764549 330764543 330764526 330764521 330098685 330098683 330098694
1826005507: 37.8043293 -107.6677159 1153.333 330764574 330764575 330764561 330764549 330764543 330764526 330764521 330098685 330098683 330098681 330098706
330764577: 37.8101346 -107.6617791 377.40200000000004 330764574 330764575 330764576 330764581
