1826005506: 37.8125684 -107.6687888 1328.471 330764620 330764614 330764599 330764602 330764588 330764587 330764575 330764574 330764562 330764566 330764554
330764640: 37.8156472 -107.6578912 232.277 330764620 330764633
331107624: 37.8037969 -107.6743977 1975.6889999999996 330764620 330764614 330764599 330764602 330764588 330764576 330764571 330764550 330764547 330764530 330764524 330764521 330098685 330098683 330098681 330098680 330098653 330098641
330764554: 37.8114601 -107.6685208 1153.228 330764620 330764614 330764599 330764602 330764588 330764587 330764575 330764574 330764562 330764566
331058144: 37.8181867 -107.6574714 755.966 330764620 330764619 330764618 330764623 330764638 331058125
330098706: 37.8046661 -107.6682955 1648.3019999999997 330764620 330764614 330764599 330764602 330764588 330764576 330764571 330764550 330764547 330764530 330764524 330764521 330098685 330098683 330098681
330764588: 37.8119708 -107.6627674 441.991 330764620 330764614 330764599 330764602
330764622: 37.8131405 -107.6580789 156.09199999999998 330764620 330764621
330764546: 37.8080865 -107.6649695 990.748 330764620 330764614 330764599 330764602 330764588 330764581 330764570 330764551
330764562: 37.8113224 -107.666021 856.885 330764620 330764614 330764599 330764602 330764588 330764587 330764575 330764574
330764632: 37.8140283 -107.6572931 273.528 330764620 330764621 330764631
330764570: 37.8097882 -107.6634165 757.462 330764620 330764614 330764599 330764602 330764588 330764581
330764618: 37.8150602 -107.6612439 194.469 330764620 330764619
330098732: 37.8062937 -107.6707095 1551.408 330764620 330764614 330764599 330764602 330764588 330764587 330764575 330764574 330764562 330764557 330764542 330764525 330764520 330098741
330764602: 37.8128099 -107.6619172 322.476 330764620 330764614 330764599
330764566: 37.8118076 -107.6668819 949.785 330764620 330764614 330764599 330764602 330764588 330764587 330764575 330764574 330764562
330764550: 37.809447 -107.6650527 787.0429999999999 330764620 330764614 330764599 330764602 330764588 330764576 330764571
330764574: 37.8121361 -107.6652485 743.784 330764620 330764614 330764599 330764602 330764588 330764587 330764575
330764572: 37.812651 -107.6661068 838.458 330764620 330764614 330764599 330764602 330764588 330764587 330764575 330764574
330764530: 37.807756 -107.666603 1019.2479999999999 330764620 330764614 330764599 330764602 330764588 330764576 330764571 330764550 330764547
330764638: 37.8166855 -107.6597526 417.717 330764620 330764619 330764618 330764623
330764552: 37.8084351 -107.663328 967.4010000000001 330764620 330764614 330764599 330764602 330764588 330764581 330764570 330764551
330764584: 37.8137179 -107.6657607 768.941 330764620 330764614 330764599 330764602 330764588 330764587 330764586 330764585
330764524: 37.8069358 -107.667405 1134.4959999999999 330764620 330764614 330764599 330764602 330764588 330764576 330764571 330764550 330764547 330764530
330764576: 37.8111359 -107.6635211 556.02 330764620 330764614 330764599 330764602 330764588
3042563270: 37.8101077 -107.6617323 739.8949999999999 330764620 330764614 330764599 330764602 330764588 330764581 330764577
330764606: 37.8151535 -107.6638215 512.536 330764620 330764619 330764618 330764609 330764608 330764607
330764592: 37.8143313 -107.6645672 610.2819999999999 330764620 330764614 330764599 330764602 330764594 330764593
330764594: 37.8133163 -107.6628318 420.587 330764620 330764614 330764599 330764602
331058146: 37.8181665 -107.6566922 824.448 330764620 330764619 330764618 330764623 330764638 331058125 331058144
1826005504: 37.8111838 -107.6687122 1188.7140000000002 330764620 330764614 330764599 330764602 330764588 330764587 330764575 330764574 330764562 330764566 330764554
330098752: 37.8067716 -107.6714618 1628.848 330764620 330764614 330764599 330764602 330764588 330764587 330764575 330764574 330764562 330764557 330764542 330764525 330764520 330098741
330764604: 37.8155688 -107.6643634 579.617 330764620 330764619 330764618 330764609 330764608 330764607 330764606
330764644: 37.8160286 -107.656314 436.971 330764620 330764633 330764640 330764641
330764608: 37.8146809 -107.6629016 410.479 330764620 330764619 330764618 330764609
330764620: 37.8139881 -107.6594951 0.0 
330764636: 37.8155794 -107.6604956 267.56399999999996 330764620 330764619 330764635
330764586: 37.8129837 -107.6644867 630.4 330764620 330764614 330764599 330764602 330764588 330764587
330764612: 37.8122441 -107.6587736 279.63800000000003 330764620 330764621 330764613
330764556: 37.810977 -107.6676383 1063.5629999999999 330764620 330764614 330764599 330764602 330764588 330764587 330764575 330764574 330764562 330764566
330098680: 37.8055774 -107.6699879 1484.3899999999996 330764620 330764614 330764599 330764602 330764588 330764576 330764571 330764550 330764547 330764530 330764524 330764521 330098685 330098683 330098681
330764598: 37.8117991 -107.6601952 326.997 330764620 330764621 330764613
1356606892: 37.8055113 -107.6712321 1608.6699999999996 330764620 330764614 330764599 330764602 330764588 330764576 330764571 330764550 330764547 330764530 330764524 330764521 330098685 330098683 330098694 330098669
330098694: 37.8056156 -107.6703259 1505.4829999999997 330764620 330764614 330764599 330764602 330764588 330764576 330764571 330764550 330764547 330764530 330764524 330764521 330098685 330098683
2084019368: 37.8114968 -107.6570223 635.928 330764620 330764621 330764613 330764598
330764526: 37.8082709 -107.6675015 1114.075 330764620 330764614 330764599 330764602 330764588 330764587 330764575 330764561 330764549 330764543
330764542: 37.8096228 -107.6675632 1089.418 330764620 330764614 330764599 330764602 330764588 330764587 330764575 330764574 330764562 330764557
330764520: 37.8079382 -107.6691538 1323.1149999999998 330764620 330764614 330764599 330764602 330764588 330764587 330764575 330764574 330764562 330764557 330764542 330764525
330764614: 37.8131426 -107.6602623 115.676 330764620
330764634: 37.8153336 -107.6596936 207.519 330764620 330764619 330764635
330764626: 37.8187672 -107.6622713 947.7779999999999 330764620 330764619 330764618 330764609 330764608 330764615
330098653: 37.8044754 -107.6709965 1635.6089999999997 330764620 330764614 330764599 330764602 330764588 330764576 330764571 330764550 330764547 330764530 330764524 330764521 330098685 330098683 330098681 330098680
330764587: 37.8124751 -107.6636123 535.014 330764620 330764614 330764599 330764602 330764588
3042563877: 37.8088158 -107.6617505 939.443 330764620 330764614 330764599 330764602 330764588 330764581 330764570 330764569
330764639: 37.8159925 -107.6585 298.111 330764620 330764633 330764640
330764619: 37.8145559 -107.6603964 101.26599999999999 330764620
330764547: 37.8085993 -107.6658037 902.0989999999999 330764620 330764614 330764599 330764602 330764588 330764576 330764571 330764550
330764573: 37.812812 -107.6663857 868.802 330764620 330764614 330764599 330764602 330764588 330764587 330764575 330764574 330764572
330764569: 37.8092732 -107.6625555 852.333 330764620 330764614 330764599 330764602 330764588 330764581 330764570
330764643: 37.8165647 -107.6571214 435.01800000000003 330764620 330764633 330764640 330764639
330098681: 37.8057088 -107.6698619 1466.0589999999997 330764620 330764614 330764599 330764602 330764588 330764576 330764571 330764550 330764547 330764530 330764524 330764521 330098685 330098683
330098741: 37.8070608 -107.6699879 1445.1319999999998 330764620 330764614 330764599 330764602 330764588 330764587 330764575 330764574 330764562 330764557 330764542 330764525 330764520
330764543: 37.8091249 -107.666713 996.534 330764620 330764614 330764599 330764602 330764588 330764587 330764575 330764561 330764549
2042183279: 37.8058594 -107.6657771 1323.3249999999998 330764620 330764614 330764599 330764602 330764588 330764576 330764571 330764550 330764547 330764530 330764524
331058125: 37.8180967 -107.6583566 677.557 330764620 330764619 330764618 330764623 330764638
330098685: 37.8065591 -107.6690796 1349.1699999999998 330764620 330764614 330764599 330764602 330764588 330764576 330764571 330764550 330764547 330764530 330764524 330764521
330764551: 37.808932 -107.6641836 874.104 330764620 330764614 330764599 330764602 330764588 330764581 330764570
330764599: 37.8123267 -107.6610804 231.416 330764620 330764614
330764521: 37.8074359 -107.6682606 1227.9979999999998 330764620 330764614 330764599 330764602 330764588 330764576 330764571 330764550 330764547 330764530 330764524
330764609: 37.814166 -107.6620647 317.298 330764620 330764619 330764618
330764641: 37.8151704 -107.6571294 317.653 330764620 330764633 330764640
330764557: 37.8104726 -107.6667961 973.356 330764620 330764614 330764599 330764602 330764588 330764587 330764575 330764574 330764562
330764621: 37.8134541 -107.6586234 96.899 330764620
330764519: 37.8084171 -107.6699987 1414.4679999999998 330764620 330764614 330764599 330764602 330764588 330764587 330764575 330764574 330764562 330764557 330764542 330764525 330764520
330764607: 37.8151958 -107.6637813 506.654 330764620 330764619 330764618 330764609 330764608
330764633: 37.8148398 -107.6587307 116.094 330764620
330098683: 37.8058212 -107.6697573 1450.5459999999998 330764620 330764614 330764599 330764602 330764588 330764576 330764571 330764550 330764547 330764530 330764524 330764521 330098685
330764623: 37.8156111 -107.6607156 271.32 330764620 330764619 330764618
330098703: 37.8031064 -107.6695588 1856.8969999999997 330764620 330764614 330764599 330764602 330764588 330764576 330764571 330764550 330764547 330764530 330764524 330764521 330098685 330098683 330098681 330098706
330764591: 37.8146344 -107.6650835 666.8209999999999 330764620 330764614 330764599 330764602 330764594 330764593 330764592
330764603: 37.8110377 -107.6608244 428.107 330764620 330764621 330764613 330764598
2042183459: 37.8059188 -107.6700764 1620.963 330764620 330764614 330764599 330764602 330764588 330764587 330764575 330764574 330764562 330764557 330764542 330764525 330764520 330098741 330098732
330764631: 37.8143249 -107.6578188 216.78 330764620 330764621
330764585: 37.813488 -107.665345 724.365 330764620 330764614 330764599 330764602 330764588 330764587 330764586
330764549: 37.8099492 -107.6659351 882.204 330764620 330764614 330764599 330764602 330764588 330764587 330764575 330764561
330098641: 37.8040903 -107.6714193 1692.3519999999996 330764620 330764614 330764599 330764602 330764588 330764576 330764571 330764550 330764547 330764530 330764524 330764521 330098685 330098683 330098681 330098680 330098653
330764575: 37.8116381 -107.6644036 651.178 330764620 330764614 330764599 330764602 330764588 330764587
330764525: 37.8087682 -107.6683713 1208.0349999999999 330764620 330764614 330764599 330764602 330764588 330764587 330764575 330764574 330764562 330764557 330764542
330764637: 37.8156027 -107.6594844 242.63400000000001 330764620 330764619 330764635 330764634
330764615: 37.8161048 -107.6629069 619.9549999999999 330764620 330764619 330764618 330764609 330764608
330764635: 37.8152361 -107.6597821 194.178 330764620 330764619
330764561: 37.8108096 -107.6651412 763.809 330764620 330764614 330764599 330764602 330764588 330764587 330764575
330764593: 37.8138228 -107.6637223 516.978 330764620 330764614 330764599 330764602 330764594
330764613: 37.8126213 -107.6593879 211.291 330764620 330764621
330764571: 37.8102946 -107.6642856 671.18 330764620 330764614 330764599 330764602 330764588 330764576
330764581: 37.8106342 -107.6626378 641.127 330764620 330764614 330764599 330764602 330764588
330098669: 37.8056042 -107.6713351 1594.9369999999997 330764620 330764614 330764599 330764602 330764588 330764576 330764571 330764550 330764547 330764530 330764524 330764521 330098685 330098683 330098694
1826005507: 37.8043293 -107.6677159 1711.5119999999997 330764620 330764614 330764599 330764602 330764588 330764576 330764571 330764550 330764547 330764530 330764524 330764521 330098685 330098683 330098681 330098706
330764577: 37.8101346 -107.6617791 734.8109999999999 330764620 330764614 330764599 330764602 330764588 330764581
