1826005506: 37.8125684 -107.6687888 940.4549999999999 330098732 330098741 330764520 330764525 330764542 330764557 330764556 330764554
330764640: 37.8156472 -107.6578912 1719.642 330098732 330098741 330764520 330764525 330764542 330764557 330764562 330764574 330764575 330764587 330764594 330764609 330764618 330764623 330764636 330764637 330764639
331107624: 37.8037969 -107.6743977 830.182 330098732 330098741 330098685 330098683 330098681 330098680 330098653 330098641
330764554: 37.8114601 -107.6685208 765.212 330098732 330098741 330764520 330764525 330764542 330764557 330764556
331058144: 37.8181867 -107.6574714 1932.7459999999996 330098732 330098741 330764520 330764525 330764542 330764557 330764562 330764574 330764575 330764587 330764594 330764609 330764618 330764623 330764638 331058125
330098706: 37.8046661 -107.6682955 502.79499999999996 330098732 330098741 330098685 330098683 330098681
330764588: 37.8119708 -107.6627674 1109.417 330098732 330098741 330764520 330764525 330764542 330764557 330764562 330764574 330764575 330764587
330764622: 37.8131405 -107.6580789 1705.547 330098732 330098741 330764520 330764525 330764542 330764557 330764562 330764574 330764575 330764587 330764588 330764602 330764599 330764614 330764613 330764621
330764546: 37.8080865 -107.6649695 726.378 330098732 330098741 330764520 330764521 330764524 330764530
330764562: 37.8113224 -107.666021 694.523 330098732 330098741 330764520 330764525 330764542 330764557
330764632: 37.8140283 -107.6572931 1822.9830000000002 330098732 330098741 330764520 330764525 330764542 330764557 330764562 330764574 330764575 330764587 330764588 330764602 330764599 330764614 330764613 330764621 330764631
330764570: 37.8097882 -107.6634165 959.664 330098732 330098741 330764520 330764521 330764524 330764530 330764546 330764551
330764618: 37.8150602 -107.6612439 1371.2489999999998 330098732 330098741 330764520 330764525 330764542 330764557 330764562 330764574 330764575 330764587 330764594 330764609
330098732: 37.8062937 -107.6707095 0.0 
330764602: 37.8128099 -107.6619172 1228.932 330098732 330098741 330764520 330764525 330764542 330764557 330764562 330764574 330764575 330764587 330764588
330764566: 37.8118076 -107.6668819 784.672 330098732 330098741 330764520 330764525 330764542 330764557 330764556
330764550: 37.809447 -107.6650527 764.83 330098732 330098741 330764520 330764525 330764542 330764543 330764549
330764574: 37.8121361 -107.6652485 807.624 330098732 330098741 330764520 330764525 330764542 330764557 330764562
330764572: 37.812651 -107.6661068 900.566 330098732 330098741 330764520 330764525 330764542 330764557 330764556 330764566
330764530: 37.807756 -107.666603 533.36 330098732 330098741 330764520 330764521 330764524
330764638: 37.8166855 -107.6597526 1594.4969999999998 330098732 330098741 330764520 330764525 330764542 330764557 330764562 330764574 330764575 330764587 330764594 330764609 330764618 330764623
330764552: 37.8084351 -107.663328 925.243 330098732 330098741 330764520 330764521 330764524 330764530 330764546
330764584: 37.8137179 -107.6657607 1059.7740000000001 330098732 330098741 330764520 330764525 330764542 330764557 330764556 330764566 330764572 330764585
330764524: 37.8069358 -107.667405 418.112 330098732 330098741 330764520 330764521
330764576: 37.8111359 -107.6635211 995.773 330098732 330098741 330764520 330764525 330764542 330764557 330764562 330764574 330764575
3042563270: 37.8101077 -107.6617323 1163.6200000000001 330098732 330098741 330764520 330764521 330764524 330764530 330764546 330764552 330764569 330764577
330764606: 37.8151535 -107.6638215 1243.69 330098732 330098741 330764520 330764525 330764542 330764557 330764556 330764566 330764572 330764585 330764592
330764592: 37.8143313 -107.6645672 1131.221 330098732 330098741 330764520 330764525 330764542 330764557 330764556 330764566 330764572 330764585
330764594: 37.8133163 -107.6628318 1132.369 330098732 330098741 330764520 330764525 330764542 330764557 330764562 330764574 330764575 330764587
331058146: 37.8181665 -107.6566922 2001.2279999999996 330098732 330098741 330764520 330764525 330764542 330764557 330764562 330764574 330764575 330764587 330764594 330764609 330764618 330764623 330764638 331058125 331058144
1826005504: 37.8111838 -107.6687122 800.698 330098732 330098741 330764520 330764525 330764542 330764557 330764556 330764554
330098752: 37.8067716 -107.6714618 87.131 330098732
330764604: 37.8155688 -107.6643634 1310.771 330098732 330098741 330764520 330764525 330764542 330764557 330764556 330764566 330764572 330764585 330764592 330764606
330764644: 37.8160286 -107.656314 1883.3629999999998 330098732 330098741 330764520 330764525 330764542 330764557 330764562 330764574 330764575 330764587 330764594 330764609 330764618 330764623 330764636 330764637 330764639 330764643
330764608: 37.8146809 -107.6629016 1157.76 330098732 330098741 330764520 330764525 330764542 330764557 330764562 330764574 330764586 330764593
330764620: 37.8139881 -107.6594951 1551.408 330098732 330098741 330764520 330764525 330764542 330764557 330764562 330764574 330764575 330764587 330764588 330764602 330764599 330764614
330764636: 37.8155794 -107.6604956 1467.744 330098732 330098741 330764520 330764525 330764542 330764557 330764562 330764574 330764575 330764587 330764594 330764609 330764618 330764623
330764586: 37.8129837 -107.6644867 923.215 330098732 330098741 330764520 330764525 330764542 330764557 330764562 330764574
330764612: 37.8122441 -107.6587736 1600.309 330098732 330098741 330764520 330764525 330764542 330764557 330764562 330764574 330764575 330764587 330764588 330764602 330764599 330764614 330764613
330764556: 37.810977 -107.6676383 670.894 330098732 330098741 330764520 330764525 330764542 330764557
330098680: 37.8055774 -107.6699879 338.883 330098732 330098741 330098685 330098683 330098681
330764598: 37.8117991 -107.6601952 1417.404 330098732 330098741 330764520 330764525 330764542 330764557 330764562 330764574 330764575 330764587 330764588 330764602 330764599
1356606892: 37.8055113 -107.6712321 463.163 330098732 330098741 330098685 330098683 330098694 330098669
330098694: 37.8056156 -107.6703259 359.976 330098732 330098741 330098685 330098683
2084019368: 37.8114968 -107.6570223 1726.335 330098732 330098741 330764520 330764525 330764542 330764557 330764562 330764574 330764575 330764587 330764588 330764602 330764599 330764598
330764526: 37.8082709 -107.6675015 437.695 330098732 330098741 330764520 330764525
330764542: 37.8096228 -107.6675632 461.99 330098732 330098741 330764520 330764525
330764520: 37.8079382 -107.6691538 228.293 330098732 330098741
330764614: 37.8131426 -107.6602623 1435.732 330098732 330098741 330764520 330764525 330764542 330764557 330764562 330764574 330764575 330764587 330764588 330764602 330764599
330764634: 37.8153336 -107.6596936 1554.4709999999998 330098732 330098741 330764520 330764525 330764542 330764557 330764562 330764574 330764575 330764587 330764594 330764609 330764618 330764623 330764636 330764635
330764626: 37.8187672 -107.6622713 1695.0589999999997 330098732 330098741 330764520 330764525 330764542 330764557 330764562 330764574 330764586 330764593 330764608 330764615
330098653: 37.8044754 -107.6709965 490.102 330098732 330098741 330098685 330098683 330098681 330098680
330764587: 37.8124751 -107.6636123 1016.394 330098732 330098741 330764520 330764525 330764542 330764557 330764562 330764574 330764575
3042563877: 37.8088158 -107.6617505 1127.666 330098732 330098741 330764520 330764521 330764524 330764530 330764546 330764552 330764569
330764639: 37.8159925 -107.6585 1653.808 330098732 330098741 330764520 330764525 330764542 330764557 330764562 330764574 330764575 330764587 330764594 330764609 330764618 330764623 330764636 330764637
330764619: 37.8145559 -107.6603964 1464.4519999999998 330098732 330098741 330764520 330764525 330764542 330764557 330764562 330764574 330764575 330764587 330764594 330764609 330764618
330764547: 37.8085993 -107.6658037 650.509 330098732 330098741 330764520 330764521 330764524 330764530
330764573: 37.812812 -107.6663857 930.9100000000001 330098732 330098741 330764520 330764525 330764542 330764557 330764556 330764566 330764572
330764569: 37.8092732 -107.6625555 1040.556 330098732 330098741 330764520 330764521 330764524 330764530 330764546 330764552
330764643: 37.8165647 -107.6571214 1790.715 330098732 330098741 330764520 330764525 330764542 330764557 330764562 330764574 330764575 330764587 330764594 330764609 330764618 330764623 330764636 330764637 330764639
330098681: 37.8057088 -107.6698619 320.55199999999996 330098732 330098741 330098685 330098683
330098741: 37.8070608 -107.6699879 106.276 330098732
330764543: 37.8091249 -107.666713 554.962 330098732 330098741 330764520 330764525 330764542
2042183279: 37.8058594 -107.6657771 606.941 330098732 330098741 330764520 330764521 330764524
331058125: 37.8180967 -107.6583566 1854.3369999999998 330098732 330098741 330764520 330764525 330764542 330764557 330764562 330764574 330764575 330764587 330764594 330764609 330764618 330764623 330764638
330098685: 37.8065591 -107.6690796 203.663 330098732 330098741
330764551: 37.808932 -107.6641836 843.022 330098732 330098741 330764520 330764521 330764524 330764530 330764546
330764599: 37.8123267 -107.6610804 1319.992 330098732 330098741 330764520 330764525 330764542 330764557 330764562 330764574 330764575 330764587 330764588 330764602
330764521: 37.8074359 -107.6682606 324.61 330098732 330098741 330764520
330764609: 37.814166 -107.6620647 1248.4199999999998 330098732 330098741 330764520 330764525 330764542 330764557 330764562 330764574 330764575 330764587 330764594
330764641: 37.8151704 -107.6571294 1805.018 330098732 330098741 330764520 330764525 330764542 330764557 330764562 330764574 330764575 330764587 330764594 330764609 330764618 330764623 330764636 330764637 330764639 330764640
330764557: 37.8104726 -107.6667961 578.052 330098732 330098741 330764520 330764525 330764542
330764621: 37.8134541 -107.6586234 1646.354 330098732 330098741 330764520 330764525 330764542 330764557 330764562 330764574 330764575 330764587 330764588 330764602 330764599 330764614 330764613
330764519: 37.8084171 -107.6699987 319.646 330098732 330098741 330764520
330764607: 37.8151958 -107.6637813 1249.5720000000001 330098732 330098741 330764520 330764525 330764542 330764557 330764556 330764566 330764572 330764585 330764592 330764606
330764633: 37.8148398 -107.6587307 1655.3139999999999 330098732 330098741 330764520 330764525 330764542 330764557 330764562 330764574 330764575 330764587 330764594 330764609 330764618 330764623 330764636 330764635 330764634
330098683: 37.8058212 -107.6697573 305.039 330098732 330098741 330098685
330764623: 37.8156111 -107.6607156 1448.1 330098732 330098741 330764520 330764525 330764542 330764557 330764562 330764574 330764575 330764587 330764594 330764609 330764618
330098703: 37.8031064 -107.6695588 711.39 330098732 330098741 330098685 330098683 330098681 330098706
330764591: 37.8146344 -107.6650835 1187.76 330098732 330098741 330764520 330764525 330764542 330764557 330764556 330764566 330764572 330764585 330764592
330764603: 37.8110377 -107.6608244 1518.514 330098732 330098741 330764520 330764525 330764542 330764557 330764562 330764574 330764575 330764587 330764588 330764602 330764599 330764598
2042183459: 37.8059188 -107.6700764 69.55499999999999 330098732
330764631: 37.8143249 -107.6578188 1766.2350000000001 330098732 330098741 330764520 330764525 330764542 330764557 330764562 330764574 330764575 330764587 330764588 330764602 330764599 330764614 330764613 330764621
330764585: 37.813488 -107.665345 1015.1980000000001 330098732 330098741 330764520 330764525 330764542 330764557 330764556 330764566 330764572
330764549: 37.8099492 -107.6659351 669.292 330098732 330098741 330764520 330764525 330764542 330764543
330098641: 37.8040903 -107.6714193 546.845 330098732 330098741 330098685 330098683 330098681 330098680 330098653
330764575: 37.8116381 -107.6644036 900.23 330098732 330098741 330764520 330764525 330764542 330764557 330764562 330764574
330764525: 37.8087682 -107.6683713 343.373 330098732 330098741 330764520
330764637: 37.8156027 -107.6594844 1557.081 330098732 330098741 330764520 330764525 330764542 330764557 330764562 330764574 330764575 330764587 330764594 330764609 330764618 330764623 330764636
330764615: 37.8161048 -107.6629069 1367.2359999999999 330098732 330098741 330764520 330764525 330764542 330764557 330764562 330764574 330764586 330764593 330764608
330764635: 37.8152361 -107.6597821 1541.1299999999999 330098732 330098741 330764520 330764525 330764542 330764557 330764562 330764574 330764575 330764587 330764594 330764609 330764618 330764623 330764636
330764561: 37.8108096 -107.6651412 787.687 330098732 330098741 330764520 330764525 330764542 330764543 330764549
330764593: 37.8138228 -107.6637223 1038.17 330098732 330098741 330764520 330764525 330764542 330764557 330764562 330764574 330764586
330764613: 37.8126213 -107.6593879 1531.962 330098732 330098741 330764520 330764525 330764542 330764557 330764562 330764574 330764575 330764587 330764588 330764602 330764599 330764614
330764571: 37.8102946 -107.6642856 880.693 330098732 330098741 330764520 330764525 330764542 330764543 330764549 330764550
330764581: 37.8106342 -107.6626378 1075.999 330098732 330098741 330764520 330764521 330764524 330764530 330764546 330764551 330764570
330098669: 37.8056042 -107.6713351 449.43 330098732 330098741 330098685 330098683 330098694
1826005507: 37.8043293 -107.6677159 566.005 330098732 330098741 330098685 330098683 330098681 330098706
330764577: 37.8101346 -107.6617791 1158.536 330098732 330098741 330764520 330764521 330764524 330764530 330764546 330764552 330764569
