1826005506: 37.8125684 -107.6687888 837.704 330764606 330764592 330764585 330764572 330764566 330764554
330764640: 37.8156472 -107.6578912 666.46 330764606 330764607 330764608 330764609 330764618 330764623 330764636 330764637 330764639
331107624: 37.8037969 -107.6743977 1853.8289999999997 330764606 330764592 330764593 330764586 330764574 330764575 330764561 330764549 330764543 330764526 330764521 330098685 330098683 330098681 330098680 330098653 330098641
330764554: 37.8114601 -107.6685208 662.461 330764606 330764592 330764585 330764572 330764566
331058144: 37.8181867 -107.6574714 879.564 330764606 330764607 330764608 330764609 330764618 330764623 330764638 331058125
330098706: 37.8046661 -107.6682955 1526.4419999999998 330764606 330764592 330764593 330764586 330764574 330764575 330764561 330764549 330764543 330764526 330764521 330098685 330098683 330098681
330764588: 37.8119708 -107.6627674 509.13700000000006 330764606 330764592 330764593 330764586 330764587
330764622: 37.8131405 -107.6580789 668.6279999999999 330764606 330764607 330764608 330764609 330764618 330764619 330764620 330764621
330764546: 37.8080865 -107.6649695 1057.894 330764606 330764592 330764593 330764586 330764587 330764588 330764581 330764570 330764551
330764562: 37.8113224 -107.666021 549.4200000000001 330764606 330764592 330764593 330764586 330764574
330764632: 37.8140283 -107.6572931 786.064 330764606 330764607 330764608 330764609 330764618 330764619 330764620 330764621 330764631
330764570: 37.8097882 -107.6634165 824.6080000000001 330764606 330764592 330764593 330764586 330764587 330764588 330764581
330764618: 37.8150602 -107.6612439 318.067 330764606 330764607 330764608 330764609
330098732: 37.8062937 -107.6707095 1243.69 330764606 330764592 330764585 330764572 330764566 330764556 330764557 330764542 330764525 330764520 330098741
330764602: 37.8128099 -107.6619172 400.275 330764606 330764592 330764593 330764594
330764566: 37.8118076 -107.6668819 459.01800000000003 330764606 330764592 330764585 330764572
330764550: 37.809447 -107.6650527 851.9109999999998 330764606 330764592 330764593 330764586 330764574 330764575 330764561 330764571
330764574: 37.8121361 -107.6652485 436.319 330764606 330764592 330764593 330764586
330764572: 37.812651 -107.6661068 343.124 330764606 330764592 330764585
330764530: 37.807756 -107.666603 1084.116 330764606 330764592 330764593 330764586 330764574 330764575 330764561 330764571 330764550 330764547
330764638: 37.8166855 -107.6597526 541.315 330764606 330764607 330764608 330764609 330764618 330764623
330764552: 37.8084351 -107.663328 1034.547 330764606 330764592 330764593 330764586 330764587 330764588 330764581 330764570 330764551
330764584: 37.8137179 -107.6657607 273.068 330764606 330764592 330764585
330764524: 37.8069358 -107.667405 1199.364 330764606 330764592 330764593 330764586 330764574 330764575 330764561 330764571 330764550 330764547 330764530
330764576: 37.8111359 -107.6635211 623.166 330764606 330764592 330764593 330764586 330764587 330764588
3042563270: 37.8101077 -107.6617323 807.0409999999999 330764606 330764592 330764593 330764586 330764587 330764588 330764581 330764577
330764606: 37.8151535 -107.6638215 0.0 
330764592: 37.8143313 -107.6645672 112.469 330764606
330764594: 37.8133163 -107.6628318 302.164 330764606 330764592 330764593
331058146: 37.8181665 -107.6566922 948.0459999999999 330764606 330764607 330764608 330764609 330764618 330764623 330764638 331058125 331058144
1826005504: 37.8111838 -107.6687122 697.947 330764606 330764592 330764585 330764572 330764566 330764554
330098752: 37.8067716 -107.6714618 1321.13 330764606 330764592 330764585 330764572 330764566 330764556 330764557 330764542 330764525 330764520 330098741
330764604: 37.8155688 -107.6643634 67.081 330764606
330764644: 37.8160286 -107.656314 830.181 330764606 330764607 330764608 330764609 330764618 330764623 330764636 330764637 330764639 330764643
330764608: 37.8146809 -107.6629016 102.05700000000002 330764606 330764607
330764620: 37.8139881 -107.6594951 512.536 330764606 330764607 330764608 330764609 330764618 330764619
330764636: 37.8155794 -107.6604956 414.562 330764606 330764607 330764608 330764609 330764618 330764623
330764586: 37.8129837 -107.6644867 320.728 330764606 330764592 330764593
330764612: 37.8122441 -107.6587736 771.6519999999999 330764606 330764592 330764593 330764594 330764602 330764599 330764614 330764613
330764556: 37.810977 -107.6676383 572.796 330764606 330764592 330764585 330764572 330764566
330098680: 37.8055774 -107.6699879 1362.5299999999997 330764606 330764592 330764593 330764586 330764574 330764575 330764561 330764549 330764543 330764526 330764521 330098685 330098683 330098681
330764598: 37.8117991 -107.6601952 588.747 330764606 330764592 330764593 330764594 330764602 330764599
1356606892: 37.8055113 -107.6712321 1486.8099999999997 330764606 330764592 330764593 330764586 330764574 330764575 330764561 330764549 330764543 330764526 330764521 330098685 330098683 330098694 330098669
330098694: 37.8056156 -107.6703259 1383.6229999999998 330764606 330764592 330764593 330764586 330764574 330764575 330764561 330764549 330764543 330764526 330764521 330098685 330098683
2084019368: 37.8114968 -107.6570223 897.6779999999999 330764606 330764592 330764593 330764594 330764602 330764599 330764598
330764526: 37.8082709 -107.6675015 991.8219999999999 330764606 330764592 330764593 330764586 330764574 330764575 330764561 330764549 330764543
330764542: 37.8096228 -107.6675632 781.7 330764606 330764592 330764585 330764572 330764566 330764556 330764557
330764520: 37.8079382 -107.6691538 1015.397 330764606 330764592 330764585 330764572 330764566 330764556 330764557 330764542 330764525
330764614: 37.8131426 -107.6602623 607.0749999999999 330764606 330764592 330764593 330764594 330764602 330764599
330764634: 37.8153336 -107.6596936 501.289 330764606 330764607 330764608 330764609 330764618 330764623 330764636 330764635
330764626: 37.8187672 -107.6622713 460.654 330764606 330764607 330764615
330098653: 37.8044754 -107.6709965 1513.7489999999998 330764606 330764592 330764593 330764586 330764574 330764575 330764561 330764549 330764543 330764526 330764521 330098685 330098683 330098681 330098680
330764587: 37.8124751 -107.6636123 416.11400000000003 330764606 330764592 330764593 330764586
3042563877: 37.8088158 -107.6617505 1006.589 330764606 330764592 330764593 330764586 330764587 330764588 330764581 330764570 330764569
330764639: 37.8159925 -107.6585 600.626 330764606 330764607 330764608 330764609 330764618 330764623 330764636 330764637
330764619: 37.8145559 -107.6603964 411.27 330764606 330764607 330764608 330764609 330764618
330764547: 37.8085993 -107.6658037 966.9669999999999 330764606 330764592 330764593 330764586 330764574 330764575 330764561 330764571 330764550
330764573: 37.812812 -107.6663857 373.468 330764606 330764592 330764585 330764572
330764569: 37.8092732 -107.6625555 919.479 330764606 330764592 330764593 330764586 330764587 330764588 330764581 330764570
330764643: 37.8165647 -107.6571214 737.533 330764606 330764607 330764608 330764609 330764618 330764623 330764636 330764637 330764639
330098681: 37.8057088 -107.6698619 1344.1989999999998 330764606 330764592 330764593 330764586 330764574 330764575 330764561 330764549 330764543 330764526 330764521 330098685 330098683
330098741: 37.8070608 -107.6699879 1137.414 330764606 330764592 330764585 330764572 330764566 330764556 330764557 330764542 330764525 330764520
330764543: 37.8091249 -107.666713 874.281 330764606 330764592 330764593 330764586 330764574 330764575 330764561 330764549
2042183279: 37.8058594 -107.6657771 1388.193 330764606 330764592 330764593 330764586 330764574 330764575 330764561 330764571 330764550 330764547 330764530 330764524
331058125: 37.8180967 -107.6583566 801.155 330764606 330764607 330764608 330764609 330764618 330764623 330764638
330098685: 37.8065591 -107.6690796 1227.31 330764606 330764592 330764593 330764586 330764574 330764575 330764561 330764549 330764543 330764526 330764521
330764551: 37.808932 -107.6641836 941.25 330764606 330764592 330764593 330764586 330764587 330764588 330764581 330764570
330764599: 37.8123267 -107.6610804 491.335 330764606 330764592 330764593 330764594 330764602
330764521: 37.8074359 -107.6682606 1106.138 330764606 330764592 330764593 330764586 330764574 330764575 330764561 330764549 330764543 330764526
330764609: 37.814166 -107.6620647 195.238 330764606 330764607 330764608
330764641: 37.8151704 -107.6571294 751.836 330764606 330764607 330764608 330764609 330764618 330764623 330764636 330764637 330764639 330764640
330764557: 37.8104726 -107.6667961 665.638 330764606 330764592 330764585 330764572 330764566 330764556
330764621: 37.8134541 -107.6586234 609.435 330764606 330764607 330764608 330764609 330764618 330764619 330764620
330764519: 37.8084171 -107.6699987 1106.75 330764606 330764592 330764585 330764572 330764566 330764556 330764557 330764542 330764525 330764520
330764607: 37.8151958 -107.6637813 5.882 330764606
330764633: 37.8148398 -107.6587307 602.132 330764606 330764607 330764608 330764609 330764618 330764623 330764636 330764635 330764634
330098683: 37.8058212 -107.6697573 1328.686 330764606 330764592 330764593 330764586 330764574 330764575 330764561 330764549 330764543 330764526 330764521 330098685
330764623: 37.8156111 -107.6607156 394.918 330764606 330764607 330764608 330764609 330764618
330098703: 37.8031064 -107.6695588 1735.0369999999998 330764606 330764592 330764593 330764586 330764574 330764575 330764561 330764549 330764543 330764526 330764521 330098685 330098683 330098681 330098706
330764591: 37.8146344 -107.6650835 169.00799999999998 330764606 330764592
330764603: 37.8110377 -107.6608244 689.857 330764606 330764592 330764593 330764594 330764602 330764599 330764598
2042183459: 37.8059188 -107.6700764 1313.2450000000001 330764606 330764592 330764585 330764572 330764566 330764556 330764557 330764542 330764525 330764520 330098741 330098732
330764631: 37.8143249 -107.6578188 729.3159999999999 330764606 330764607 330764608 330764609 330764618 330764619 330764620 330764621
330764585: 37.813488 -107.665345 228.492 330764606 330764592
330764549: 37.8099492 -107.6659351 759.9509999999999 330764606 330764592 330764593 330764586 330764574 330764575 330764561
330098641: 37.8040903 -107.6714193 1570.4919999999997 330764606 330764592 330764593 330764586 330764574 330764575 330764561 330764549 330764543 330764526 330764521 330098685 330098683 330098681 330098680 330098653
330764575: 37.8116381 -107.6644036 528.925 330764606 330764592 330764593 330764586 330764574
330764525: 37.8087682 -107.6683713 900.317 330764606 330764592 330764585 330764572 330764566 330764556 330764557 330764542
330764637: 37.8156027 -107.6594844 503.899 330764606 330764607 330764608 330764609 330764618 330764623 330764636
330764615: 37.8161048 -107.6629069 132.831 330764606 330764607
330764635: 37.8152361 -107.6597821 487.948 330764606 330764607 330764608 330764609 330764618 330764623 330764636
330764561: 37.8108096 -107.6651412 641.5559999999999 330764606 330764592 330764593 330764586 330764574 330764575
330764593: 37.8138228 -107.6637223 205.773 330764606 330764592
330764613: 37.8126213 -107.6593879 703.305 330764606 330764592 330764593 330764594 330764602 330764599 330764614
330764571: 37.8102946 -107.6642856 736.0479999999999 330764606 330764592 330764593 330764586 330764574 330764575 330764561
330764581: 37.8106342 -107.6626378 708.273 330764606 330764592 330764593 330764586 330764587 330764588
330098669: 37.8056042 -107.6713351 1473.0769999999998 330764606 330764592 330764593 330764586 330764574 330764575 330764561 330764549 330764543 330764526 330764521 330098685 330098683 330098694
1826005507: 37.8043293 -107.6677159 1589.6519999999998 330764606 330764592 330764593 330764586 330764574 330764575 330764561 330764549 330764543 330764526 330764521 330098685 330098683 330098681 330098706
330764577: 37.8101346 -107.6617791 801.957 330764606 330764592 330764593 330764586 330764587 330764588 330764581
